50876927
320597605
330420718
328457531
321736166
29164527
278552153
294200448
63727821
307403214
291678281
310786985
28560777
46936305
58498720
266695575
29815334
28997505
286054120
274143680
267285465
26037846
273711203
263952082
297715922
39125396
26297181
56378769
68523860
294669449
305040147
307656249
281794511
265237294
355286110
273647787
302912986
319371540
317266935
313825759
336969810
285321190
383506529
380260197
384610966
284737791
379878508
325497045
318927654
322827294
379425092
368176418
346242740
368398869
340057767
363020928
1067714337
1191256779
278164241
285072479
316954079
28483870
266626906
282840187
980882475
49513201
376376914
1187898738
383189925
68285001
852276684
90210016
1194943713
350939352
54571814
51635639
329976743
312195550
265767940
346370181
661684539
25113092
24481688
381801314
340753799
384408291
337301907
267126925
31159183
386250141
379205559
303432524
391444238
343635334
308457217
369379304
319460390
377582573
395216139
324489562
388925973
277128736
1123610118
1198759633
1102250485
1238282965
1075898334
1136933318
1232722574
1199481548
1167574309
1176881962
1095439525
1183590856
1115323230
1223828804
1134234070
1102764170
1156848781
1091394880
1015734135
45719428
1213568727
1090137756
1040792640
1161712947
1093678867
91665588
1168599753
804513132
388566095
