181956
348097
348081
348073
348070
348050
348005
347991
347986
347977
347970
347870
347853
347787
347785
347775
347769
347713
347703
347700
347626
347600
347573
347547
347546
347545
347535
347509
347466
347448
347425
347407
347399
347394
347368
347363
347359
347352
347344
347318
348126
348192
348179
348361
348355
348328
348302
348293
348274
348268
348260
348247
348226
348394
348562
348612
347285
347281
347274
347244
348796
348793
348789
348781
348771
348770
348746
348722
348719
348697
348899
348891
348858
348838
348822
348814
348807
348803
349146
349141
349135
349110
349074
349017
348995
349264
349238
349167
349002
349382
349303
349282
349271
351352
351330
351321
351292
351276
351249
351213
351209
351151
351145
351125
351107
351103
351097
351082
350985
350977
350959
350918
350907
350888
350809
350796
350788
350741
350739
350732
350719
350694
350612
350503
350495
350438
350431
350384
350357
350301
350297
350153
350151
350099
350095
350025
350013
349951
349948
349931
349868
349754
349703
349682
349663
349627
349571
349569
349568
349545
349505
349499
349456
349454
349431
349406
351713
351677
351629
351394
351377
351361
351734
351731
351724
352068
351999
351978
351974
351965
351888
351859
351818
351814
351800
351797
351780
352181
352165
352413
352391
352385
352360
352345
352306
352289
352256
352241
352226
352461
352581
352562
352612
352610
352715
352702
352680
352650
352601
352870
352791
352953
353025
353225
353217
353199
353197
353160
353125
353117
353085
353332
353277
353454
353443
353415
353406
353546
353538
353498
353682
353652
353639
353638
353609
353599
353592
353566
353752
353718
353691
353851
353820
353974
353967
353960
353924
353890
354022
354013
354136
354118
354103
354278
354261
354201
354200
354557
354544
354529
354524
354502
354486
354474
354809
354803
354797
354777
354741
354716
354690
354650
355019
354993
354991
354987
354985
354972
354970
354963
354955
354908
354905
354850
354843
354837
355140
355098
355064
355046
355272
355260
355258
355236
355231
355222
355182
355172
355152
355619
355592
355557
355477
355386
355340
355338
355740
355693
355666
355665
355861
355853
355845
355825
355801
355975
355972
355962
355959
355895
355883
356234
356205
356151
356132
356095
356086
356012
356484
356479
356463
356433
356369
356364
356314
356274
356763
356755
356735
356733
356689
356643
356639
356586
356504
356968
356966
356949
356948
356947
356904
356888
356875
356859
356848
356820
357051
357445
357441
357424
357419
357386
357357
357300
357292
357284
357281
357271
357266
357218
357183
357161
357090
357658
357641
357628
357602
357554
357682
358294
358292
358277
358267
358256
358188
358175
358147
358143
358001
357994
357968
357949
357910
357871
357870
357869
357862
357847
357818
357802
357732
358363
358343
358339
358494
358474
358471
358453
358569
358551
358531
358512
358509
358702
358693
358688
358687
358682
358676
358675
358636
358626
358610
358579
358801
358793
358769
358746
358742
358741
358710
358708
358889
358858
358804
358964
358955
358923
358910
359078
359057
359044
359036
358986
359100
359095
359094
359086
359085
359234
359231
359210
359206
359196
359367
359327
359295
359272
359264
359245
359516
359507
359477
359461
359619
359539
359534
359659
359655
359646
359635
359939
359896
359892
359839
359833
359807
359803
359737
359721
359711
359700
359690
359680
359675
360045
360007
360071
360066
360058
360054
360095
360088
360366
360343
360306
360291
360289
360260
360165
360516
360506
360499
360489
360471
360417
360392
360390
360384
360567
360547
360672
360669
360631
360754
360740
360859
360855
360852
360812
360808
360801
360966
360936
360902
360898
360894
361081
361060
361047
361036
360999
