181956
348097
348081
348073
348070
348050
348005
347991
347986
347977
347970
347870
347853
347787
347785
347775
347769
347713
347703
347700
347626
347600
347573
347547
347546
347545
347535
347509
347466
347448
347425
347407
347399
347394
347368
347363
347359
347352
347344
347318
348126
348192
348179
348361
348355
348328
348302
348293
348274
348268
348260
348247
348226
348394
348562
348612
347285
347281
347274
347244
348796
348793
348789
348781
348771
348770
348746
348722
348719
348697
348899
348891
348858
348838
348822
348814
348807
348803
349146
349141
349135
349110
349074
349017
348995
349264
349238
349167
349002
349382
349303
349282
349271
351352
351330
351321
351292
351276
351249
351213
351209
351151
351145
351125
351107
351103
351097
351082
350985
350977
350959
350918
350907
350888
350809
350796
350788
350741
350739
350732
350719
350694
350612
350503
350495
350438
350431
350384
350357
350301
350297
350153
350151
350099
350095
350025
350013
349951
349948
349931
349868
349754
349703
349682
349663
349627
349571
349569
349568
349545
349505
349499
349456
349454
349431
349406
351713
351677
351629
351394
351377
351361
351734
351731
351724
352068
351999
351978
351974
351965
351888
351859
351818
351814
351800
351797
351780
352181
352165
352413
352391
352385
352360
352345
352306
352289
352256
352241
352226
352461
352581
352562
352612
352610
352715
352702
352680
352650
352601
352870
352791
352953
353025
353225
353217
353199
353197
353160
353125
353117
353085
353332
353277
353454
353443
353415
353406
353546
353538
353498
353682
353652
353639
353638
353609
353599
353592
353566
353752
353718
353691
353851
353820
353974
353967
353960
353924
353890
354022
354013
354136
354118
354103
354278
354261
354201
354200
354557
354544
354529
354524
354502
354486
354474
354809
354803
354797
354777
354741
354716
354690
354650
355019
354993
354991
354987
354985
354972
354970
354963
354955
354908
354905
354850
354843
354837
355140
355098
355064
355046
355272
355260
355258
355236
355231
355222
355182
355172
355152
355619
355592
355557
355477
355386
355340
355338
355740
355693
355666
355665
355861
355853
355845
355825
355801
355975
355972
355962
355959
355895
355883
356234
356205
356151
356132
356095
356086
356012
356484
356479
356463
356433
356369
356364
356314
356274
356763
356755
356735
356733
356689
356643
356639
356586
356504
356968
356966
356949
356948
356947
356904
356888
356875
356859
356848
356820
357051
357445
357441
357424
357419
357386
357357
357300
357292
357284
357281
357271
357266
357218
357183
357161
357090
357658
357641
357628
357602
357554
357682
358294
358292
358277
358267
358256
358188
358175
358147
358143
358001
357994
357968
357949
357910
357871
357870
357869
357862
357847
357818
357802
357732
358363
358343
358339
358494
358474
358471
358453
358569
358551
358531
358512
358509
358702
358693
358688
358687
358682
358676
358675
358636
358626
358610
358579
358801
358793
358769
358746
358742
358741
358710
358708
358889
358858
358804
358964
358955
358923
358910
359078
359057
359044
359036
358986
359100
359095
359094
359086
359085
359234
359231
359210
359206
359196
359367
359327
359295
359272
359264
359245
359516
359507
359477
359461
359619
359539
359534
359659
359655
359646
359635
359939
359896
359892
359839
359833
359807
359803
359737
359721
359711
359700
359690
359680
359675
360045
360007
360071
360066
360058
360054
360095
360088
360366
360343
360306
360291
360289
360260
360165
360516
360506
360499
360489
360471
360417
360392
360390
360384
360567
360547
360672
360669
360631
360754
360740
360859
360855
360852
360812
360808
360801
360966
360936
360902
360898
360894
361081
361060
361047
361036
360999
361184
361155
361133
361364
361357
361341
361298
361244
361237
361221
361399
361549
361462
361459
361458
361455
361450
361446
361662
361660
361657
361638
361608
362217
362192
362186
362136
362105
362065
362059
362040
362018
362003
362001
361972
361905
361894
361859
361857
361844
361825
361810
361748
361711
361681
362268
362375
362299
362483
362481
362468
362675
362659
362603
362817
362807
362763
362742
362735
362733
362719
362872
362853
362983
362975
362973
362946
362926
363072
363070
363069
363033
363025
363022
363332
363322
363310
363239
363226
363216
363175
363173
363140
363135
363128
363120
363115
363111
363107
363451
363418
363546
363542
363521
363517
363486
363641
363635
363610
363590
363558
363549
363664
363673
363780
363807
363985
363967
363955
363946
363928
364113
364094
364093
364041
364014
364159
364140
364293
364283
364272
364256
364474
364458
364426
364417
364372
364691
364687
364582
364556
364810
364751
364727
364913
364900
365002
364967
364933
365108
365051
365049
365413
365400
365381
365349
365311
365295
365483
365534
365529
365642
365638
365623
365733
365707
365704
365685
365811
365796
365765
365765
365733
365707
365704
365685
366045
365984
365982
365903
366180
366231
366230
366218
366247
366296
366389
366383
366380
366375
366422
366402
366473
366435
366577
366709
366796
366793
366898
366930
366917
367125
367115
367096
367086
367068
367026
367008
366977
366949
367139
367233
367230
367337
367372
367464
367435
367478
367512
367676
367675
367661
367591
367562
367512
367478
367464
367435
367372
367337
367736
367734
367721
367689
367767
367794
367782
367878
367853
367852
367828
367825
367995
367968
368145
368198
368229
368261
368290
368350
368412
368384
368373
368431
368425
368439
368532
368579
368564
368558
368482
368675
368634
368616
368722
368708
368702
368860
368847
368844
368768
368763
368882
368911
368967
368966
368997
368995
368979
369033
369031
369159
369130
369246
369244
369243
369224
369220
369348
369399
369434
369430
369419
369411
369483
369446
369578
369549
369636
369615
369665
369649
369797
369840
369804
369905
370006
369979
369962
369957
369947
370111
370101
370065
370048
370174
370168
370278
370270
370401
370375
370374
370357
370351
370468
370450
370520
370512
370502
370633
370618
370528
370663
370653
370646
370812
370786
370755
370745
370843
370944
370943
370936
370932
370896
370893
370862
371079
371072
371006
370987
371162
371159
371151
371148
371127
371259
371238
371217
371416
371323
371529
371471
371461
371446
371441
371212
371618
371608
371539
371681
371641
371805
371786
371822
371816
371873
371869
371863
372049
372030
372026
372018
371988
371985
371983
371969
371953
372105
372072
372299
372276
372486
372484
372474
372433
372414
372407
372376
372504
372659
372644
372606
372600
372592
372591
372752
372751
372731
372723
372697
372694
372692
372894
372886
372850
372835
372780
372942
372941
372938
372920
373091
373047
373028
373019
373008
373206
373185
373161
373276
373312
373297
373295
373478
373421
373400
373378
373368
373346
373491
373543
373538
373536
373532
373528
373519
373513
373633
373625
373616
373674
373647
373644
373788
373782
373764
373741
373733
373725
373716
373712
373707
373896
373874
373866
373848
373845
373843
373824
373818
373792
374098
374053
374051
374037
374021
374010
373979
373943
374188
374376
374360
374358
374341
374338
374333
374332
374329
374318
374316
374293
374252
374213
374392
374390
374387
374583
374568
374523
374489
374258
374679
374642
374638
374619
374799
374783
374746
374975
374972
374969
374957
374955
374913
374887
374858
374804
375041
375033
374987
375096
375064
375060
375321
375289
375282
375273
375264
375263
375247
375237
375231
375438
375424
375368
375364
375354
375345
375332
375331
375325
375535
375528
375518
375487
375477
375475
375470
375462
375633
375630
375621
375612
375590
375587
375577
375574
375573
375727
375692
375682
375659
375773
375859
375850
375834
375825
375802
375781
375973
375961
375941
376027
376025
376018
376014
376148
376140
376106
376084
376051
376046
376287
376278
376252
376172
376171
376163
376159
376447
376436
376419
376395
376345
376565
376526
376521
376520
376513
376502
376496
376490
376481
376691
376686
376683
376669
376591
376733
376793
376759
376756
376912
376905
376898
376867
376862
376945
377000
377212
377127
377284
377263
377356
377344
377340
377490
377564
377545
377710
377698
377678
377654
377644
377594
377848
377996
377992
377987
377977
377926
377896
378167
378133
378110
378092
378091
378089
378280
378278
378392
378370
378678
378637
378947
378894
378890
378874
378860
378834
378827
378825
378803
378783
378781
379043
379162
379150
379097
379084
379247
379391
379344
379496
379451
379448
379440
379419
379403
379595
379581
379561
379534
379694
379655
379647
379758
379749
379738
379732
379863
379850
379830
379827
379823
379821
379804
380185
380158
380111
380088
380041
380026
379964
379928
379904
380273
380267
380251
380238
380235
380371
380345
380342
380323
380311
380300
380449
380436
380419
380404
380394
380721
380681
380667
380665
380663
380631
380537
380519
380496
380491
380487
380786
380783
380771
380758
381051
381005
380995
380991
380981
380951
380931
380926
380925
380899
380832
380822
381206
381201
381155
381124
381121
381298
381291
381276
381268
381338
381277
381607
381595
381588
381566
381565
381563
381531
381499
381748
381728
381717
381676
381655
381651
381638
381635
381794
381781
381770
381769
381931
381919
381912
381876
381874
381872
381865
381845
381841
382062
382050
382046
382045
381975
381956
382175
382155
382146
382135
382129
382123
382097
382274
382264
382253
382359
382354
382341
382488
382481
382469
382454
382452
382449
382446
382434
382554
382490
382677
382652
382648
382600
382595
382730
382694
382870
382828
382797
382794
382785
382992
382965
382961
382938
383021
383018
383139
383104
383165
383147
383146
383278
383240
383239
383216
383214
383213
383423
383420
383380
383360
383335
383320
383309
383299
383533
383483
383475
383459
383453
383609
383596
383591
383699
383686
383784
383637
383914
383873
383867
383858
383850
383964
384877
384868
384775
384756
384674
384643
384641
384591
384548
384536
384456
384421
384420
384382
384362
384269
384233
384226
384225
384220
384216
384190
384170
384160
384146
384130
384066
384010
384008
385674
385621
385612
385514
385483
385453
385450
385386
385381
385363
385354
385279
385272
385264
385235
385223
385073
385070
385064
385055
385050
385015
384997
384987
384925
384923
384918
384906
385848
385838
385813
385808
385748
386406
386370
386413
386367
386275
386268
386166
386179
386121
386115
386083
386213
386058
386023
386017
385990
385995
386007
385968
385951
385917
385905
385953
386449
387198
387286
387237
387082
387172
387061
387068
387056
387023
386990
386898
386978
387046
386884
386862
386823
386864
386821
386818
386808
386799
386810
386804
386786
386743
386750
386733
386726
386684
386659
387527
387509
387504
387443
387361
388185
388123
388033
388180
388019
387802
387918
387780
387644
387608
387760
388156
388135
387578
387600
387673
388223
388220
387791
388236
388398
388361
388356
388331
388498
388447
388468
388586
388604
388553
388538
388494
388696
388798
388918
388913
388838
388836
389119
389114
389042
389013
389255
389278
389249
389243
389202
389191
389227
389179
389190
389172
389146
389400
389425
389362
389321
389237
389352
389295
389334
389456
389472
389512
389617
389598
389577
389802
389774
389727
389764
389798
389692
389899
389893
389905
389946
389878
389872
390000
390064
389995
390078
389991
390174
390115
390148
390090
390331
390288
390441
390471
390383
390405
390598
390565
390597
390547
390552
390530
390540
390508
390489
390532
390523
390504
390747
390901
390797
390885
390757
391023
390962
