407887
407655
407748
407872
407659
407597
407649
407557
407518
407516
407496
407481
407515
407305
407424
407414
407400
407225
407184
407154
407144
407107
407086
407047
407038
407019
406998
406951
407018
406929
406994
406915
406789
407982
408005
408212
408190
408160
408371
408358
408338
408310
408429
408425
408416
408616
408961
408832
408848
408825
408799
408792
408811
408778
408728
408730
408723
408674
409151
409253
409070
409044
409830
409805
409809
409816
409558
409455
409481
409347
409965
409960
410417
410464
410436
410395
410352
410165
410350
410309
410621
410591
410579
410549
410842
410753
410771
410960
411043
410953
411061
411121
