402484
402482
402460
402468
402477
402459
402458
402457
402456
402445
402443
402439
402416
402415
402413
402407
402427
402383
402403
402377
402379
402368
402370
402346
402357
402365
402344
402340
402345
402338
402333
402329
402331
402330
402323
402320
402313
402316
402311
402317
402308
402298
402287
402293
402304
402291
402284
402285
402275
402263
402272
402268
402269
402260
402244
402248
402257
402243
402241
402239
402232
402230
402236
402229
402214
402208
402227
402223
402109
402104
402095
402108
402101
402092
402087
402068
402084
402062
402060
402061
402064
402057
402032
402029
402052
402054
402036
402028
402023
402021
402027
402026
402010
402017
402020
402008
402000
401998
401993
402003
401992
401981
401986
401991
401987
401979
401978
401962
401966
401958
401965
401968
401949
401936
401939
401942
401927
401924
401922
401911
401912
401908
401909
401907
401905
401896
401901
401897
401899
401892
401894
401893
401891
401887
401878
401880
401886
401882
401875
401874
401876
401864
401861
401860
401852
401849
401855
401858
401846
401831
401825
401826
401837
401823
401818
401816
401815
401821
401812
401799
401797
401796
401793
401803
401788
401791
401789
401786
401782
401780
401775
401765
401763
401766
401741
401747
401751
401745
401748
401740
401734
401735
401731
401720
401715
401722
401721
401724
401703
401709
401699
401713
401702
401694
401698
401697
401691
401686
401681
401682
401685
401676
401675
401666
401663
401674
401662
401658
401656
401660
401659
401655
401654
401653
401646
401645
401640
401641
401623
401629
401637
401613
401617
401622
401619
401612
401594
401603
401610
401611
401589
401583
401576
401579
401573
401571
401568
401570
401565
401560
401561
401538
401544
401547
401549
401537
401527
401523
401536
401508
401520
401511
401517
401491
401479
401472
401468
401475
401452
401448
401459
401451
401463
401428
401447
401439
401433
401427
401422
401399
401415
401413
401409
401393
401398
401397
401390
401381
401383
401374
401388
401371
401360
401353
401370
401349
401345
401342
401341
401333
401343
401338
401332
401331
401325
401329
401314
401315
401324
401303
401320
401291
401301
401292
401299
401287
401290
401286
401280
401270
401274
401276
401267
401255
401260
401250
401247
401244
401245
401249
401230
401232
401228
401229
401231
401222
401214
401212
401209
401205
401196
401202
401188
401195
401183
401184
401177
401172
401186
401170
401169
401168
401151
401150
401161
401148
401143
401140
401137
401142
401134
401130
401125
401119
401112
401116
401114
401111
401103
401105
401099
401102
401090
401089
401087
401083
401082
401072
401068
401071
401060
401057
401056
401039
401044
401054
401037
401036
401032
401021
401017
401024
401016
401005
401013
401000
401002
401001
400996
400999
400985
400992
400964
400978
400966
400973
400980
400946
400959
400960
400943
400944
400939
400938
400935
400932
400942
400927
400916
400929
400915
400911
400889
400904
400902
400905
400892
400886
400885
400878
400870
400874
400865
400862
400855
400861
400856
400851
400852
400850
400848
400843
400832
400841
400826
400838
400830
400817
400808
400823
400818
400813
400805
400801
400803
400796
400800
400792
400789
400787
400795
400786
400784
400767
400776
400777
400766
400765
400760
400751
400755
400754
400742
400744
400750
400745
400736
400728
400732
400723
400733
402172
402170
402169
402165
402164
402159
402163
402160
402158
402146
402152
402150
402141
402136
402135
402121
402131
402129
402130
402119
402115
402113
402118
402116
402088
402111
402594
402587
402586
402579
402577
402575
402566
402561
402560
402565
402557
402545
402542
402533
402541
402531
402524
402536
402520
402523
402513
402504
402503
402502
402501
402487
402486
402449
402375
402684
402670
402667
402662
402673
402663
402657
402653
402659
402651
402642
402641
402644
402621
402617
402635
402624
402632
402598
402603
402588
402592
402606
402808
402803
402793
402794
402798
402761
402791
402758
402773
402754
402757
402753
402759
402746
402745
402749
402742
402741
402738
402747
402737
402727
402731
402691
402702
402690
402687
402713
402591
402946
402939
402952
402920
402918
402943
402937
402911
402910
402901
402903
402916
402897
402886
402878
402883
402882
402893
402866
402863
402860
402859
402851
402850
402847
402843
402861
402835
402840
402831
402834
402826
402818
402823
402707
403088
403087
403092
403078
403085
403086
403077
403079
403067
403075
403076
403066
403065
403058
403051
403053
403062
403044
403046
403045
403040
403050
403028
403025
403013
403016
403012
403004
402999
402996
402998
402992
402990
402981
402982
402983
402989
402961
402975
402969
402978
402956
402942
402880
403330
403334
403325
403299
403323
403275
403312
403286
403282
403301
403272
403271
403268
403255
403252
403264
403245
403249
403244
403229
403236
403220
403214
403217
403218
403208
403211
403206
403241
403237
403196
403204
403201
403197
403202
403194
403193
403191
403188
403187
403185
403182
403181
403175
403174
403176
403179
403169
403173
403172
403146
403152
403154
403158
403155
403139
403142
403136
403134
403133
403130
403121
403117
403115
403122
403113
403105
403104
403112
403108
403461
403446
403445
403431
403427
403424
403423
403422
403420
403419
403407
403406
403401
403396
403389
403390
403391
403399
403385
403381
403373
403388
403370
403364
403352
403355
403368
403350
403342
403344
403348
403340
