407908
407925
407922
407898
407909
407894
407918
407892
407883
407881
407870
407889
407869
407865
407866
407861
407863
407867
407858
407836
407837
407840
407856
407834
407829
407826
407823
407825
407813
407812
407819
408029
408034
408026
408013
408012
408030
408001
407987
407997
407985
407983
408010
407980
407979
407975
407966
407961
407960
407965
407956
407946
407941
407940
407939
407938
407933
408155
408150
408164
408152
408141
408149
408138
408136
408131
408144
408127
408130
408116
408113
408102
408111
408107
408087
408089
408093
408083
408106
408074
408094
408065
408067
408056
408060
408059
408069
408052
408053
408050
408048
408047
408042
408025
408255
408243
408251
408241
408238
408246
408228
408227
408225
408223
408222
408214
408219
408209
408207
408192
408199
408194
408188
408185
408184
408183
408182
408178
408172
408173
408168
408170
408166
408165
408167
408163
408161
408159
408117
