333893
333892
333891
333890
333889
333888
333887
333886
333885
333884
333883
333882
333881
333880
333879
333878
333740
333739
333738
333737
333736
333735
333734
333733
333732
333731
333730
333729
333728
333727
333726
333535
333534
333533
333532
333531
333530
333529
333528
333336
333335
333334
333333
333332
333331
333330
333329
333328
333327
333326
333325
333324
333323
333322
333321
333320
333319
333318
333317
333316
333315
333314
333313
333121
333120
333119
333118
333117
333116
333115
333114
333113
333112
333111
333110
333109
333108
333107
333106
333105
333104
332884
332883
332882
332881
332880
332879
332878
332877
332876
332875
332874
332873
332872
332871
332870
332869
332868
332867
332866
332865
332864
332863
332862
332861
332860
332859
332858
332857
332856
332855
332854
332853
332852
332851
332648
332647
332646
332645
332644
332643
332642
332641
332640
332639
332638
332637
332636
332635
332634
332633
332432
332431
332430
332429
332428
332427
332235
332234
332233
332232
332231
332052
332051
332050
332049
332048
332047
331855
331854
331853
331852
331851
331850
331849
331848
331847
331846
331845
331844
331583
331582
331581
331580
331579
331578
331577
331576
331575
331574
331573
331572
331571
331409
331408
331407
331406
331405
331404
331403
331402
331401
331400
331399
331398
331397
331396
331202
331201
331200
331199
331198
331197
331196
331195
331194
331003
331002
331001
331000
330999
330998
330997
330996
330995
330994
330993
330992
330991
330990
330989
330804
330803
330802
330801
330800
330799
330798
330797
330796
330795
330794
330793
330792
330791
330790
330718
330717
330716
330715
330714
330713
330712
330711
330710
330709
330708
330707
330428
330427
330426
330425
330424
330423
330422
330421
330420
330212
330211
330210
330209
330208
330207
330206
330205
329974
329973
329972
329971
329970
329969
329968
329967
329966
329965
329964
329963
329962
329961
329756
329755
329754
329753
329752
329751
