402255
402180
401954
402167
401950
401727
401638
401533
401477
401216
400997
400783
400464
400696
400566
400313
399878
399886
400169
399369
399403
399840
399495
399617
398435
398946
398185
397693
397775
397659
397365
397426
397434
397297
396530
397135
396499
397003
396498
396481
396241
396060
396118
396035
395730
395697
395005
395118
394497
393844
393402
393505
393558
393369
393220
391631
391623
391066
390279
390744
390114
388869
387567
386861
386408
385668
385987
384284
382432
382442
383725
382293
381278
381313
381366
381274
380504
380501
379896
379365
379637
379032
378844
378784
378393
378496
378445
378500
378046
378336
378349
377724
376463
376757
376292
376251
375395
375365
373854
374691
374664
374658
373372
371597
372760
371058
370733
370732
369999
368958
369012
369108
368747
368531
368716
368214
367731
367244
367050
366530
366814
366663
366378
365885
364236
364163
363934
365103
363472
363881
362954
362330
362151
362083
362077
362048
361828
361288
361241
360875
361153
361152
361173
360131
360069
359996
359842
358703
357341
357478
358454
357336
357280
356819
356817
357243
356653
356738
354474
354350
356551
356320
354057
353731
353773
353716
353276
353366
352604
352214
351627
352072
351613
351231
351262
350665
350624
350505
350138
350474
350043
348715
349648
348305
348272
347616
348024
347498
347571
346788
346735
346692
346234
346464
346218
346108
346392
345935
345674
345516
345613
345506
345256
345249
345504
345036
344178
343343
343255
343245
342982
343028
342576
342327
342329
342305
342140
342251
342010
340264
339758
339778
339757
339142
339090
339077
338521
338735
338513
339020
338818
336316
337529
336028
335829
338058
335215
335214
333979
334058
334868
334285
333735
333286
333285
333535
333550
333162
332648
332074
331347
331853
330733
330977
331453
330181
330161
330103
329516
329473
328482
328673
328672
328104
327383
328329
327031
326271
328345
325975
325620
325581
326178
325136
324364
324375
324029
323033
322781
322328
322870
322631
321666
320968
321455
320700
321156
320010
318347
319085
319389
311834
318651
311338
315497
310060
307978
308322
303840
305605
305850
305164
302275
283130
285474
287384
277842
276720
272116
270341
275511
273392
276704
262413
266900
266326
261600
255687
252007
253412
255548
255517
252608
246658
244760
247675
242999
250955
242177
239884
239883
239440
238393
237928
237489
233891
232634
229653
211011
224028
229485
218709
202188
196192
197746
201529
199840
194075
193842
193593
192158
191961
191741
191597
189469
189335
188021
185900
182771
185898
182263
182590
182552
181397
181319
181272
180801
181115
180125
180350
176140
179199
179366
176877
175687
174137
174907
174160
173640
172910
172632
173025
172443
172230
171753
171630
171669
171281
171212
171167
170958
170965
170918
170571
170494
170336
170318
170310
169898
169736
169755
169567
169709
169122
169218
169427
169118
168815
168369
168574
168347
168286
168204
168275
168081
168092
168074
168035
166600
167695
167999
167657
166215
163895
164248
163898
163356
163183
163104
163051
163125
163033
163023
161331
161690
161263
161329
161911
160871
161113
160812
160818
161076
160592
160549
160542
158606
158763
158595
158605
158598
158284
158281
157390
157660
158277
157380
157325
157313
157064
157104
156998
156511
155400
155392
154673
155159
154583
153896
153382
153962
153233
153251
152876
153080
152786
152598
152573
152335
152250
152506
152191
152193
152014
152087
151938
151784
151979
151586
151434
151580
151306
151303
150833
150112
150505
150052
150048
149968
149803
149995
149759
149317
149432
149524
148373
147787
147779
147099
147387
147604
144100
143789
146779
143315
140188
139290
137912
134489
136505
138412
133853
120981
116923
107611
116764
116438
98861
94355
90063
38113
93220
38102
31518
401363
402604
402972
402971
403501
403493
403482
403473
403825
403727
403728
404057
404238
404017
403951
404016
404438
404299
404530
405101
404985
405006
405182
