407934
407929
407933
407919
407914
407895
407913
407876
407902
407886
407875
407855
407843
407853
407839
407814
407726
407887
407872
408027
408023
408016
408011
408006
407996
408000
407992
407986
407984
407976
407973
407971
407963
407962
407959
407952
408165
408163
408161
408157
408153
408145
408159
408128
408110
408105
408160
408139
408146
408086
408057
408097
408071
408101
408040
408095
407990
408260
408250
408242
408257
408240
408237
408230
408231
408216
408203
408202
408200
408193
408177
408175
408171
408285
408287
408283
408284
408281
408280
408278
408274
408277
408268
408300
408294
408289
408290
408379
408377
408351
408363
408344
408337
408349
408331
408327
408324
408319
408316
408310
408308
408405
408399
408400
408386
408311
408447
408444
408442
408437
408439
408435
408428
408420
408485
408477
408476
408472
408473
408475
408468
408464
408461
408459
408454
408451
408635
408632
408631
408630
408619
408617
408594
408584
408612
408575
408571
408570
408569
408563
408550
408561
408541
408518
408514
408492
408513
408490
408972
408971
408970
408969
408936
408907
408908
408885
408929
408808
408823
408753
408736
408729
408739
408725
408709
408727
408713
408697
408683
408686
408679
408638
408672
409355
409351
409349
409347
409337
409329
409350
409327
409326
409296
409284
409227
409204
409207
409224
409213
409131
409100
409108
409092
409133
409082
409045
409063
409058
408992
409018
408990
408976
408973
408974
