348102
348093
348089
348068
348056
348053
348042
348034
348031
348117
348109
348160
348155
348154
348148
348139
348127
348120
348026
348007
347993
347992
347976
347969
348220
348208
348199
348186
348185
348181
348168
347965
347954
347951
347948
347936
347935
347928
347916
347911
347906
347900
347897
348363
348362
348358
348354
348349
348346
348345
348337
348333
348332
348329
348326
348321
348308
348290
348287
348281
348263
348256
348251
348246
348240
348239
348238
348221
348470
348468
348464
348460
348458
348457
348456
348452
348451
348448
348438
348436
348426
348425
348423
348419
348418
348415
348411
348409
348407
348405
348401
348396
348372
348579
348578
348571
348569
348563
348561
348559
348557
348549
348535
348533
348526
348524
348514
348503
348497
348490
348583
348580
348591
348586
348585
348584
348646
348643
348642
348640
348639
348638
348633
348630
348629
348613
348611
348608
348605
348597
348698
348697
348696
348689
348682
348676
348675
348671
348669
348668
348665
348655
348654
348649
348647
348736
348735
348734
348730
348728
348724
348717
348714
348810
348809
348808
348807
348806
348805
348804
348803
348802
348791
348786
348782
348775
348774
348772
348749
348743
348915
348914
348908
348906
348901
348900
348899
348897
348896
348893
348892
348891
348889
348931
348930
348928
348922
348882
348868
348863
348854
348835
348823
348820
348818
349155
349144
349139
349134
349106
349105
349104
349103
349102
349100
349071
349057
349055
349053
349047
349035
349026
349011
349007
348993
348986
348980
348977
348975
348973
348969
348966
348964
348956
348954
348951
348858
349271
349263
349241
349240
349239
349225
349221
349214
349213
349197
349195
349188
349181
349178
349174
349172
349375
349370
349362
349354
349351
349340
349336
349330
349301
351748
351746
351744
351737
351721
351709
351708
351704
351700
351699
351693
351671
351665
351650
351641
351638
351628
351624
351622
351621
351608
351607
351602
351595
351582
351573
351570
351569
351566
351556
351554
351549
351542
351536
351522
351520
351515
351511
351492
351490
351487
351482
351480
351479
351475
351462
351460
351456
351449
351448
351445
351443
351438
351436
351434
351431
351429
351423
351417
351408
351406
351405
351403
351399
351391
351385
351384
351383
351375
351369
351367
351365
351359
351353
351351
351349
351344
351337
351334
351332
351327
351322
351311
351309
351285
351279
351278
351277
351270
351268
351257
351245
351244
351243
351237
351234
351211
351207
351184
351182
351169
351166
351159
351158
351149
351136
351114
351110
351106
351105
351094
351086
351084
351068
351058
351057
351056
351051
351049
351046
351044
351042
351038
351034
351014
351013
351010
350996
350992
350980
350976
350975
350974
350970
350969
350963
350962
350961
350950
350935
350931
350930
350927
350926
350925
350922
350917
350904
350896
350885
350871
350870
350866
350859
350854
350852
350849
350847
350841
350839
350833
350832
350823
350815
350812
350808
350807
350798
350785
350784
350781
350777
350772
350766
350758
350755
350745
350744
350735
350734
350723
350722
350718
350709
350701
350698
350690
350675
350674
350667
350661
350654
350652
350630
350616
350611
350608
350595
350594
350589
350588
350574
350572
350571
350569
350568
350565
350559
350558
350551
350549
350541
350540
350537
350533
350516
350484
350476
350475
350470
350462
350458
350455
350452
350439
350435
350433
350432
350428
350427
350418
350406
350404
350401
350399
350386
350367
350366
350365
350355
350352
350341
350339
350330
350326
350303
350300
350294
350292
350272
350271
350269
350262
350259
350256
350255
350248
350243
350237
350233
350223
350219
350209
350189
350185
350184
350181
350179
350163
350161
350152
350140
350134
350123
350119
350111
350088
350086
350085
350082
350075
350068
350062
350060
350050
350046
350035
350015
350004
350003
350000
349997
349991
349984
349983
349979
349978
349977
349975
349974
349970
349945
349921
349920
349916
349911
349901
349887
349876
349863
349859
349854
349850
349849
349844
349842
349841
349838
349827
349820
349809
349808
349800
349799
349783
349773
349757
349720
349710
349708
349706
349702
349681
349674
349673
349667
349651
349634
349633
349626
349598
349597
349593
349587
349567
349542
349537
349525
349514
349513
349511
349503
349500
349493
349478
349471
349465
349462
349458
349452
349446
349435
349433
349411
349401
349397
349390
352153
352150
352148
352147
352146
352145
352143
352121
352118
352112
352103
352100
352098
352090
352088
352087
352086
352081
352075
352073
352064
352059
352053
352042
352039
352023
352013
352000
351990
351979
351977
351959
351949
351948
351945
351944
351942
351940
351939
351934
351930
351927
351915
351909
351906
351903
351901
351900
351887
351886
351881
351874
351868
351860
351857
351856
351850
351846
351843
351824
351817
351808
351807
351791
351789
351783
351777
351772
351770
351768
351767
351762
351756
351753
352220
352218
352213
352211
352203
352199
352195
352177
352167
352166
352164
352156
352258
352242
352236
352227
352221
352416
352403
352398
352388
352384
352383
352376
352368
352357
352352
352351
352339
352336
352323
352317
352313
352309
352305
352304
352303
352299
352290
352269
352268
352264
352263
352513
352512
352511
352510
352508
352507
352493
352492
352491
352490
352474
352456
352455
352452
352443
352438
352435
352434
352426
352422
352421
352522
352518
352515
352545
352540
352534
352529
352525
352634
352633
352631
352628
352626
352625
352623
352622
352621
352619
352618
352617
352614
352612
352616
352605
352588
352585
352583
352572
352564
352560
352551
352767
352766
352764
352763
352762
352761
352760
352758
352756
352755
352752
352751
352749
352742
352737
352733
352728
352717
352711
352700
352698
352697
352691
352674
352662
352660
352647
352639
352637
352819
352816
352815
352814
352812
352807
352805
352803
352802
352796
352795
352793
352792
352791
352790
352788
352787
352779
352914
352913
352911
352909
352906
352900
352899
352895
352892
352884
352874
352862
352850
352847
352844
352841
352839
352823
352822
352986
352983
352982
352973
352972
352966
352960
352949
352944
352920
352918
352917
353100
353096
353094
353092
353091
353089
353088
353086
353085
353082
353080
353079
353078
353076
353074
353072
353071
353070
353069
353068
353066
353065
353064
353063
353058
353050
353043
353024
353008
353005
353228
353227
353221
353219
353216
353205
353202
353198
353195
353187
353181
353180
353169
353168
353164
353159
353153
353150
353147
353141
353132
353128
353116
353115
353344
353329
353328
353322
353316
353309
353298
353286
353285
353275
353260
353259
353258
353256
353254
353253
353252
353241
353465
353439
353434
353427
353421
353420
353407
353400
353393
353390
353385
353384
353378
353376
353372
353367
353363
353362
353350
353348
353346
353561
353558
353550
353547
353542
353540
353535
353533
353530
353526
353525
353523
353521
353517
353518
353513
353511
353505
353504
353496
353489
353485
353482
353477
353475
353474
353456
353449
353725
353724
353722
353719
353718
353717
353716
353714
353710
353708
353707
353701
353700
353690
353684
353675
353671
353670
353658
353645
353633
353631
353630
353628
353597
353595
353593
353591
353590
353586
353585
353580
353787
353786
353784
353780
353779
353774
353770
353769
353757
353756
353750
353748
353747
353741
353732
353727
353791
353789
353895
353893
353892
353885
353883
353878
353876
353875
353870
353868
353860
353846
353842
353840
353833
353831
353829
353824
353817
353814
353813
353810
353809
353805
353802
353999
353996
353995
353994
353993
353992
353990
353988
353984
353981
353978
353976
353970
353961
353954
353951
353945
353941
353922
353917
353914
353910
353909
353908
353901
353898
354088
354086
354081
354073
354067
354065
354055
354049
354045
354041
354040
354037
354033
354020
354011
354010
354004
354001
354177
354175
354170
354169
354161
354159
354154
354147
354145
354143
354141
354135
354128
354127
354121
354117
354114
354112
354104
354091
354090
354309
354308
354304
354300
354291
354289
354288
354284
354280
354279
354276
354274
354270
354269
354267
354263
354252
354249
354240
354223
354222
354215
354204
354199
354197
354383
354379
354377
354372
354368
354367
354332
354313
354411
354409
354408
354490
354488
354486
354485
354483
354482
354480
354477
354474
354472
354471
354470
354469
354466
354465
354460
354451
354440
354439
354438
354436
354432
354419
354584
354583
354581
354578
354575
354571
354566
354565
354564
354563
354561
354555
354543
354532
354527
354517
354515
354514
354506
354496
354815
354814
354813
354807
354802
354800
354795
354793
354790
354768
354764
354749
354744
354742
354738
354734
354730
354728
354724
354723
354719
354718
354708
354689
354673
354672
354671
355039
355038
355036
355027
355010
355007
355004
355003
354988
354981
354974
354969
354968
354953
354951
354948
354944
354943
354941
354940
354936
354930
354927
354925
354918
354914
354898
354895
354893
354888
354878
354873
354868
354863
354860
354859
354856
354855
354848
354844
354838
354831
354830
354826
354822
354818
354666
354662
355150
355146
355143
355141
355131
355127
355123
355116
355109
355097
355092
355086
355080
355069
355068
355058
355056
355051
355345
355344
355343
355342
355340
355338
355337
355336
355328
355317
355306
355303
355302
355299
355294
355287
355268
355266
355263
355254
355253
355248
355247
355246
355245
355244
355238
355225
355218
355214
355211
355210
355208
355185
355181
355173
355170
355165
355163
355162
355160
355159
355157
355082
355642
355641
355640
355637
355633
355632
355631
355621
355620
355617
355616
355614
355609
355608
355600
355595
355586
355583
355581
355577
355569
355568
355567
355565
355562
355546
355542
355538
355531
355521
355520
355518
355507
355503
355502
355499
355493
355487
355486
355478
355474
355472
355471
355466
355465
355460
355453
355446
355444
355440
355434
355433
355426
355424
355421
355413
355410
355403
355395
355393
355389
355384
355382
355370
355368
355358
355357
355355
355353
355753
355752
355751
355750
355746
355742
355728
355725
355723
355715
355710
355709
355705
355704
355702
355700
355699
355697
355695
355688
355687
355683
355654
355652
355884
355883
355876
355875
355873
355869
355850
355848
355841
355840
355830
355828
355823
355821
355818
355815
355811
355809
355808
355807
355806
355804
355803
355802
355783
355782
355781
355780
355775
355773
355771
355770
355765
355759
355758
355756
355984
355983
355982
355979
355978
355971
355968
355961
355953
355943
355941
355935
355932
355928
355926
355922
355916
355909
355900
355894
355893
355891
355889
356272
356269
356266
356265
356264
356262
356261
356260
356258
356233
356221
356217
356216
356213
356212
356209
356207
356203
356202
356199
356195
356194
356185
356184
356183
356182
356181
356180
356177
356161
356160
356148
356146
356142
356135
356126
356119
356113
356105
356104
356101
356078
356076
356073
356070
356065
356060
356056
356054
356042
356036
356024
356023
356014
356009
356005
356003
356002
355998
355992
355988
356494
356476
356471
356467
356455
356448
356446
356444
356443
356424
356423
356421
356420
356416
356409
356407
356401
356400
356399
356396
356395
356388
356387
356382
356380
356377
356375
356371
356356
356346
356345
356339
356337
356331
356322
356319
356315
356313
356303
356301
356299
356296
356294
356293
356279
356278
356276
356798
356769
356765
356764
356754
356729
356724
356721
356718
356715
356690
356686
356685
356682
356669
356664
356651
356640
356637
356627
356618
356617
356613
356608
356600
356597
356593
356589
356588
356584
356582
356581
356580
356579
356575
356566
356564
356563
356552
356547
356537
356525
356514
356506
356977
356976
356974
356970
356969
356945
356943
356939
356937
356926
356923
356893
356883
356865
356856
356845
356840
356839
356821
356818
356816
357083
357080
357063
357061
357047
357042
357039
357037
357029
357023
357020
357015
357012
357001
356996
356992
357465
357462
357457
357451
357437
357436
357417
357412
357407
357394
357384
357367
357365
357364
357356
357353
357352
357345
357342
357332
357328
357326
357323
357317
357313
357297
357287
357286
357285
357270
357258
357255
357247
357229
357215
357212
357209
357204
357202
357196
357195
357194
357193
357189
357181
357180
357179
357176
357171
357166
357151
357150
357145
357142
357139
357135
357129
357126
357119
357111
357107
357104
357100
357095
357092
357085
357084
357668
357659
357657
357651
357649
357646
357645
357643
357634
357627
357612
357610
357601
357599
357597
357580
357578
357573
357570
357562
357561
357558
357556
357553
357543
357537
357528
357527
357523
357521
357518
357503
357492
357490
357474
357473
357470
357468
357300
357769
357768
357766
357763
357761
357758
357757
357754
357753
357749
357748
357747
357745
357744
357742
357741
357740
357739
357738
357737
357734
357733
357732
357730
357729
357719
357718
357716
357713
357710
357707
357706
357705
357704
357691
357689
357684
357677
357674
357670
358324
358322
358313
358312
358303
358302
358298
358270
358268
358257
358254
358252
358249
358243
358234
358232
358227
358226
358212
358208
358196
358192
358182
358181
358173
358167
358163
358156
358151
358149
358148
358131
358128
358127
358126
358116
358113
358108
358105
358083
358078
358077
358074
358073
358072
358067
358064
358050
358049
358045
358036
358035
358034
358033
358029
358019
358015
358013
358006
358002
357998
357996
357991
357989
357984
357977
357969
357961
357957
357956
357942
357925
357922
357921
357917
357916
357911
357906
357897
357889
357883
357872
357857
357851
357848
357843
357842
357833
357825
357824
357817
357809
357795
357793
357786
357785
357779
357775
357771
358429
358428
358427
358408
358402
358399
358394
358393
358386
358385
358384
358377
358376
358370
358369
358361
358359
358333
358325
358509
358508
358507
358504
358502
358501
358500
358499
358497
358496
358492
358487
358482
358480
358479
358476
358459
358446
358445
358444
358436
358571
358557
358549
358546
358537
358529
358515
358514
358581
358579
358576
358595
358592
358591
358589
358588
358597
358596
358708
358705
358701
358697
358696
358684
358670
358668
358663
358661
358659
358647
358645
358637
358635
358630
358625
358622
358615
358609
358608
358803
358802
358795
358789
358786
358785
358784
358781
358771
358764
358762
358758
358756
358753
358747
358745
358743
358738
358731
358730
358725
358718
358901
358900
358899
358888
358884
358882
358879
358868
358862
358854
358851
358850
358842
358838
358828
358826
358819
358818
358816
358813
358812
358965
358957
358956
358949
358946
358944
358941
358939
358940
358934
358932
358924
358922
358918
358909
358906
358902
359083
359082
359076
359070
359064
359062
359054
359043
359040
359024
359021
359020
359015
359012
359006
359004
359133
359130
359123
359116
359113
359112
359104
359101
359091
359233
359226
359224
359221
359215
359213
359208
359202
359195
359185
359179
359177
359160
359153
359150
359135
359388
359385
359384
359382
359380
359379
359377
359373
359372
359371
359370
359366
359363
359362
359360
359354
359343
359342
359339
359338
359336
359326
359325
359324
359323
359312
359304
359293
359288
359287
359282
359279
359277
359259
359257
359249
359243
359520
359511
359505
359499
359487
359480
359479
359472
359468
359463
359452
359449
359444
359441
359437
359435
359429
359421
359419
359412
359411
359399
359397
359395
359378
359637
359636
359635
359627
359621
359614
359608
359607
359603
359601
359600
359597
359594
359570
359560
359557
359555
359554
359550
359546
359542
359538
359531
359527
359525
359523
359367
359666
359661
359660
359657
359651
359649
359949
359948
359947
359946
359942
359938
359936
359933
359931
359921
359914
359907
359905
359901
359895
359894
359884
359880
359879
359877
359876
359874
359870
359869
359867
359865
359864
359862
359845
359844
359840
359832
359820
359817
359814
359813
359812
359804
359788
359779
359778
359776
359775
359774
359773
359769
359763
359756
359742
359738
359729
359724
359716
359715
359707
359698
359694
359682
359678
360055
360054
360052
360049
360024
360018
360017
360010
360005
360004
359998
359992
359990
359988
359983
359977
359971
359957
359956
360068
360064
360163
360162
360161
360160
360159
360147
360137
360128
360127
360125
360117
360114
360112
360110
360107
360104
360102
360097
360082
360384
360381
360375
360365
360363
360361
360360
360346
360338
360337
360336
360332
360326
360319
360312
360309
360308
360307
360298
360296
360292
360262
360256
360248
360241
360239
360235
360234
360233
360229
360227
360225
360217
360210
360209
360208
360205
360191
360190
360179
360170
360542
360541
360535
360518
360510
360500
360498
360482
360475
360474
360473
360462
360450
360446
360439
360436
360433
360423
360420
360407
360403
360397
360393
360387
360585
360584
360577
360570
360559
360558
360555
360553
360546
360544
360686
360685
360667
360666
360662
360658
360648
360639
360633
360627
360626
360614
360606
360602
360599
360593
360774
360773
360772
360769
360765
360744
360738
360727
360709
360708
360706
360703
360699
360697
360695
360689
360687
360880
360879
360871
360869
360866
360862
360861
360860
360853
360850
360839
360838
360836
360834
360832
360828
360824
360814
360807
360805
360804
360798
360782
360780
360777
360993
360987
360981
360980
360977
360973
360967
360950
360948
360937
360935
360933
360932
360927
360922
360915
360914
360911
360910
360904
360899
360887
360883
361095
361088
361078
361077
361069
361061
361059
361055
361048
361045
361043
361039
361035
361034
361019
361016
361015
361006
361000
360996
360994
361233
361231
361230
361226
361225
361223
361222
361221
361197
361196
361169
361167
361159
361158
361139
361131
361126
361124
361118
361114
361103
361370
361368
361367
361351
361350
361348
361339
361332
361331
361326
361325
361323
361321
361305
361302
361300
361295
361294
361271
361265
361261
361259
361258
361243
361242
361234
361427
361424
361419
361417
361416
361410
361404
361403
361396
361391
361379
361377
361374
361372
361556
361554
361547
361545
361543
361541
361537
361536
361535
361532
361526
361524
361522
361520
361514
361512
361506
361499
361498
361497
361496
361495
361491
361487
361485
361481
361479
361478
361477
361476
361473
361468
361460
361449
361448
361439
361674
361673
361670
361669
361668
361667
361666
361664
361658
361651
361645
361644
361634
361624
361623
361615
361610
361605
361600
361597
361594
361591
361585
361584
361578
361577
361575
361573
361565
361563
362265
362264
362262
362261
362258
362257
362256
362252
362251
362250
362249
362248
362247
362246
362245
362241
362233
362230
362223
362219
362213
362211
362208
362202
362189
362185
362184
362183
362182
362181
362164
362163
362162
362161
362147
362138
362134
362132
362130
362121
362118
362109
362100
362093
362087
362086
362082
362073
362054
362052
362021
362020
362019
362015
362006
362002
361998
361996
361992
361959
361956
361954
361914
361912
361910
361891
361890
361889
361887
361886
361879
361878
361877
361872
361868
361856
361846
361839
361837
361835
361831
361826
361820
361808
361807
361763
361744
361741
361725
361722
361714
361712
361708
361704
361701
361691
361690
361689
361686
361684
361678
362297
362291
362287
362280
362278
362269
362267
362382
362378
362370
362369
362364
362361
362360
362359
362358
362354
362350
362333
362319
362302
362468
362466
362464
362460
362446
362443
362442
362436
362422
362419
362412
362411
362406
362554
362545
362541
362540
362534
362519
362513
362506
362505
362502
362500
362494
362470
362698
362692
362685
362676
362674
362672
362669
362665
362655
362651
362648
362643
362641
362640
362634
362625
362604
362600
362593
362591
362588
362586
362577
362574
362846
362840
362838
362834
362832
362826
362825
362814
362812
362806
362797
362783
362782
362780
362779
362773
362767
362764
362759
362758
362757
362755
362749
362738
362727
362711
362702
362701
362700
362909
362900
362895
362891
362889
362882
362881
362876
362861
362849
362848
362990
362987
362982
362981
362980
362976
362965
362961
362960
362956
362947
362932
362928
362920
362915
362912
363065
363060
363052
363049
363046
363039
363038
363036
363030
363028
363020
363002
363001
363366
363359
363353
363350
363349
363347
363344
363338
363335
363334
363333
363330
363328
363324
363323
363318
363309
363307
363304
363303
363302
363301
363291
363289
363287
363278
363263
363255
363230
363228
363223
363220
363212
363209
363208
363204
363193
363190
363180
363176
363170
363153
363144
363131
363122
363121
363119
363103
363095
363090
363085
363084
363083
363486
363484
363481
363473
363458
363454
363453
363443
363441
363439
363438
363434
363408
363395
363379
363376
363549
363547
363543
363529
363525
363514
363499
363493
363664
363662
363659
363658
363651
363638
363636
363633
363631
363602
363600
363591
363588
363586
363570
363563
363723
363720
363716
363715
363714
363712
363709
363708
363707
363705
363702
363701
363700
363699
363695
363694
363688
363681
363677
363674
363672
363669
363806
363804
363801
363799
363796
363794
363792
363789
363785
363770
363766
363765
363757
363753
363752
363743
363727
363890
363887
363886
363885
363883
363882
363881
363880
363879
363878
363876
363873
363872
363871
363869
363867
363866
363865
363864
363862
363860
363859
363858
363857
363856
363855
363853
363852
363851
363849
363848
363847
363846
363844
363843
363842
363841
363836
363834
363830
363823
363822
363819
363812
363809
363919
363913
363904
363894
363992
363990
363979
363968
363956
363949
363944
363941
363930
363923
364143
364142
364141
364140
364138
364137
364135
364134
364132
364114
364103
364102
364098
364086
364083
364071
364067
364065
364061
364057
364051
364050
364042
364032
364017
364015
364012
364011
364010
364008
364007
364198
364197
364195
364183
364181
364170
364169
364167
364166
364153
364331
364330
364329
364327
364322
364320
364312
364308
364303
364298
364291
364287
364259
364255
364240
364215
364214
364211
364209
364504
364495
364488
364486
364483
364476
364473
364468
364467
364464
364457
364453
364449
364442
364430
364413
364411
364399
364389
364380
364376
364373
364367
364349
364345
364337
364729
364727
364723
364722
364721
364720
364719
364718
364717
364716
364715
364711
364705
364700
364699
364695
364689
364683
364681
364680
364678
364670
364664
364644
364641
364619
364612
364593
364569
364564
364549
364546
364539
364535
364527
364516
364513
364838
364836
364807
364805
364787
364786
364785
364781
364775
364771
364769
364765
364760
364739
364917
364915
364914
364897
364895
364880
364878
364867
364863
364847
364995
364991
364990
364969
364961
364959
364958
364955
364941
364936
364920
364918
365156
365155
365154
365152
365151
365150
365148
365143
365141
365140
365138
365137
365136
365134
365133
365131
365126
365124
365121
365119
365111
365106
365099
365093
365092
365090
365074
365067
365062
365057
365047
365036
365032
365031
365028
365026
365017
365014
365009
365204
365203
365199
365198
365196
365195
365178
365176
365174
365173
365166
365165
365163
365273
365269
365268
365258
365253
365252
365251
365249
365247
365245
365230
365227
365223
365217
365213
365207
365206
365435
365409
365407
365402
365394
365387
365384
365383
365379
365375
365374
365372
365362
365344
365339
365330
365326
365324
365323
365321
365320
365314
365305
365303
365301
365292
365289
365285
365280
365522
365508
365505
365504
365503
365502
365480
365472
365466
365461
365460
365295
365577
365575
365572
365570
365564
365549
365547
365540
365536
365526
365596
365594
365592
365677
365656
365650
365643
365631
365630
365626
365618
365617
365611
365607
365755
365754
365740
365735
365734
365706
365701
365694
365693
365690
365687
365679
365642
365638
365822
365819
365815
365809
365805
365790
365783
365781
365779
365775
365763
365761
365758
365807
365805
365803
365802
365800
365797
365796
365794
365790
365783
365781
365779
365775
365763
365761
365758
365740
365735
365734
365706
365701
365694
365693
365690
365687
365679
365642
365638
365840
365836
365896
365878
365866
365859
365844
366071
366070
366069
366068
366067
366065
366062
366054
366179
366176
366173
366170
366161
366159
366157
366154
366150
366147
366145
366139
366135
366133
366132
366126
366125
366119
366118
366113
366110
366101
366098
366094
366086
366037
366033
366026
366025
366021
366015
366006
366000
365995
365990
365988
365987
365977
365967
365956
365946
365941
365935
365934
365929
365925
365924
365904
366208
366207
366206
366198
366182
366181
366246
366244
366238
366232
366219
366217
366212
366296
366295
366287
366283
366275
366266
366255
366327
366326
366325
366323
366320
366318
366317
366312
366309
366307
366302
366402
366401
366398
366388
366381
366372
366371
366366
366363
366355
366353
366346
366344
366343
366342
366341
366340
366334
366329
366436
366435
366433
366432
366429
366419
366412
366408
366550
366546
366540
366539
366533
366524
366519
366514
366510
366509
366502
366495
366479
366462
366459
366456
366449
366445
366441
366656
366655
366653
366629
366627
366626
366621
366620
366615
366606
366599
366598
366589
366586
366580
366568
366752
366751
366750
366749
366748
366743
366708
366707
366704
366678
366671
366669
366668
366818
366816
366815
366814
366812
366811
366810
366808
366807
366800
366786
366781
366780
366774
366773
366768
366765
366761
366759
366753
366830
366823
366925
366924
366922
366920
366919
366918
366917
366915
366914
366913
366911
366909
366908
366905
366902
366901
366900
366895
366892
366893
366891
366889
366882
366877
366870
366869
366868
366867
366866
366861
366859
366854
366853
366851
367130
367126
367123
367112
367099
367097
367084
367082
367072
367062
367061
367057
367055
367053
367048
367044
367037
367031
367027
367018
367015
367011
367010
367004
367003
366994
366992
366988
366971
366970
366968
366965
366957
366956
366954
366952
366945
366943
366936
367135
367134
367132
367131
367215
367211
367210
367196
367186
367181
367176
367167
367154
367147
367138
367136
367293
367292
367287
367285
367278
367277
367274
367273
367266
367265
367263
367255
367252
367248
367246
367239
367238
367228
367227
367219
367314
367313
367312
367307
367302
367300
367298
367367
367366
367365
367364
367359
367357
367350
367349
367345
367336
367331
367426
367424
367414
367405
367403
367401
367398
367390
367378
367368
367495
367494
367492
367491
367490
367487
367485
367484
367483
367480
367479
367478
367477
367475
367473
367471
367470
367469
367468
367452
367451
367446
367428
367510
367509
367508
367507
367506
367505
367504
367503
367500
367499
367496
367539
367536
367522
367515
367513
367511
367694
367692
367690
367689
367688
367687
367686
367683
367671
367664
367638
367631
367615
367606
367605
367603
367598
367592
367585
367581
367579
367577
367576
367563
367561
367558
367557
367555
367544
367542
367536
367522
367515
367513
367511
367509
367508
367499
367496
367491
367490
367487
367483
367477
367475
367471
367452
367451
367446
367428
367424
367414
367405
367403
367401
367398
367390
367378
367368
367367
367366
367365
367364
367359
367748
367747
367739
367722
367716
367709
367702
367700
367698
367357
367350
367770
367766
367758
367757
367813
367800
367795
367792
367781
367905
367901
367900
367896
367890
367887
367884
367875
367871
367869
367867
367859
367851
367850
367841
367832
367829
367826
367950
367948
367947
367944
367941
367934
367933
367931
367928
367924
367919
367916
367914
367988
367987
367984
367983
367979
367973
367963
367959
367951
368117
368106
368086
368078
368071
368063
368054
368048
368044
368038
368036
368025
368014
368008
368007
368180
368179
368168
368167
368165
368163
368162
368158
368146
368144
368203
368200
368251
368249
368245
368231
368227
368224
368221
368215
368213
368302
368300
368299
368296
368295
368293
368292
368290
368289
368284
368281
368277
368274
368271
368268
368262
368260
368255
368332
368328
368323
368362
368361
368360
368357
368355
368352
368351
368350
368333
368380
368374
368373
368372
368371
368369
368422
368409
368407
368406
368402
368401
368397
368396
368393
368390
368388
368385
368433
368471
368462
368458
368455
368452
368450
368449
368444
368437
368513
368512
368511
368510
368502
368501
368498
368493
368492
368487
368484
368482
368479
368596
368594
368574
368569
368565
368557
368548
368544
368534
368533
368517
368680
368679
368678
368669
368659
368650
368643
368640
368626
368610
368609
368604
368602
368600
368598
368763
368762
368761
368750
368743
368742
368739
368732
368726
368700
368697
368689
368688
368681
368858
368849
368846
368841
368840
368835
368831
368830
368824
368823
368821
368810
368809
368798
368776
368909
368908
368907
368904
368901
368899
368898
368896
368889
368875
368874
368873
368872
368869
368967
368966
368965
368962
368960
368959
368955
368950
368948
368947
368946
368940
368938
368936
368935
368934
368933
368932
368931
368930
368926
368925
368924
368923
368922
368921
368918
368913
368983
368982
368980
368979
368978
368976
369016
369012
369011
369010
368996
368993
368989
368985
369049
369037
369035
369025
369023
369176
369157
369156
369155
369154
369153
369145
369143
369140
369136
369131
369127
369122
369120
369117
369115
369107
369089
369078
369071
369069
369057
369053
369217
369216
369200
369194
369287
369274
369267
369263
369256
369231
369229
369369
369366
369364
369362
369359
369357
369352
369351
369346
369331
369312
369306
369301
369299
369296
369290
369396
369391
369386
369381
369457
369454
369448
369446
369445
369440
369432
369431
369502
369500
369499
369479
369472
369466
369464
369461
369533
369531
369530
369525
369521
369519
369517
369514
369511
369505
369584
369582
369576
369567
369558
369557
369553
369552
369551
369550
369546
369683
369682
369680
369679
369677
369676
369675
369674
369673
369672
369670
369669
369668
369666
369665
369664
369661
369660
369658
369657
369656
369651
369650
369649
369631
369630
369616
369609
369607
369603
369727
369726
369725
369724
369723
369721
369712
369711
369703
369701
369698
369688
369811
369810
369809
369807
369805
369804
369803
369787
369786
369784
369783
369774
369770
369759
369758
369755
369744
369735
369733
369730
369728
369853
369839
369836
369823
369816
369812
369947
369944
369940
369934
369931
369926
369925
369911
369903
369902
369901
369895
369891
369873
369869
369862
369860
370026
370014
370012
370005
369997
369995
369993
369992
369984
369981
369967
369955
370119
370116
370115
370107
370102
370087
370078
370069
370056
370047
370206
370196
370193
370192
370182
370160
370158
370151
370144
370141
370136
370281
370280
370279
370278
370275
370274
370273
370270
370268
370265
370242
370233
370226
370225
370224
370348
370322
370304
370294
370293
370289
370287
370436
370433
370429
370421
370418
370402
370397
370381
370379
370370
370354
370353
370489
370488
370487
370486
370484
370482
370477
370476
370473
370466
370464
370519
370514
370513
370512
370511
370508
370503
370502
370501
370500
370499
370495
370494
370493
370569
370567
370564
370557
370553
370534
370528
370640
370624
370623
370605
370595
370593
370584
370582
370580
370572
370714
370711
370692
370667
370662
370654
370642
370641
370821
370816
370815
370802
370785
370784
370778
370775
370773
370769
370767
370764
370762
370760
370757
370749
370740
370734
370863
370862
370856
370844
370824
370966
370965
370964
370963
370962
370957
370955
370940
370927
370916
370910
370907
370905
370904
370889
370883
370878
370876
370874
370872
370870
370865
371126
371121
371120
371118
371117
371113
371106
371099
371093
371082
371078
371073
371062
371060
371055
371047
371045
371037
371032
371030
371008
371004
370994
370981
370980
370975
370970
370967
371202
371200
371187
371182
371181
371176
371165
371152
371150
371133
371128
371298
371297
371296
371285
371280
371278
371271
371266
371255
371247
371237
371216
371213
371212
371203
371412
371389
371388
371387
371385
371383
371374
371371
371370
371367
371362
371359
371336
371327
371324
371520
371518
371513
371508
371505
371501
371491
371456
371641
371640
371632
371629
371626
371624
371620
371610
371606
371604
371600
371575
371564
371560
371557
371553
371550
371548
371546
371535
371471
371738
371737
371735
371734
371733
371732
371731
371729
371727
371726
371724
371721
371720
371719
371718
371717
371716
371715
371712
371711
371710
371709
371708
371707
371706
371705
371703
371702
371694
371693
371684
371673
371651
371801
371799
371793
371788
371784
371779
371770
371764
371757
371747
371745
371856
371855
371854
371852
371848
371844
371842
371841
371840
371824
371820
371810
371887
371886
371885
371884
371879
371871
371867
371864
371861
371858
372059
372055
372054
372053
372040
372039
372038
372029
372025
372021
372012
372002
372001
371998
371994
371989
371981
371979
371964
371962
371951
371946
371936
371916
371905
371898
371896
371892
371890
372136
372106
372103
372097
372086
372271
372263
372261
372254
372247
372244
372239
372206
372193
372191
372190
372184
372181
372179
372155
372138
372342
372338
372336
372332
372318
372313
372303
372300
372287
372286
372283
372499
372475
372473
372465
372464
372462
372458
372456
372452
372450
372438
372437
372420
372406
372405
372395
372393
372377
372375
372361
372353
372555
372550
372522
372517
372516
372512
372510
372508
372500
372676
372648
372646
372640
372621
372611
372609
372605
372603
372588
372583
372579
372560
372557
372771
372769
372756
372754
372747
372744
372740
372739
372732
372722
372715
372703
372695
372686
372684
372678
372890
372889
372867
372862
372843
372837
372803
372795
372790
