348102
348093
348089
348068
348056
348053
348042
348034
348031
348117
348109
348160
348155
348154
348148
348139
348127
348120
348026
348007
347993
347992
347976
347969
348220
348208
348199
348186
348185
348181
348168
347965
347954
347951
347948
347936
347935
347928
347916
347911
347906
347900
347897
348363
348362
348358
348354
348349
348346
348345
348337
348333
348332
348329
348326
348321
348308
348290
348287
348281
348263
348256
348251
348246
348240
348239
348238
348221
348470
348468
348464
348460
348458
348457
348456
348452
348451
348448
348438
348436
348426
348425
348423
348419
348418
348415
348411
348409
348407
348405
348401
348396
348372
348579
348578
348571
348569
348563
348561
348559
348557
348549
348535
348533
348526
348524
348514
348503
348497
348490
348583
348580
348591
348586
348585
348584
348646
348643
348642
348640
348639
348638
348633
348630
348629
348613
348611
348608
348605
348597
348698
348697
348696
348689
348682
348676
348675
348671
348669
348668
348665
348655
348654
348649
348647
348736
348735
348734
348730
348728
348724
348717
348714
348810
348809
348808
348807
348806
348805
348804
348803
348802
348791
348786
348782
348775
348774
348772
348749
348743
348915
348914
348908
348906
348901
348900
348899
348897
348896
348893
348892
348891
348889
348931
348930
348928
348922
348882
348868
348863
348854
348835
348823
348820
348818
349155
349144
349139
349134
349106
349105
349104
349103
349102
349100
349071
349057
349055
349053
349047
349035
349026
349011
349007
348993
348986
348980
348977
348975
348973
348969
348966
348964
348956
348954
348951
348858
349271
349263
349241
349240
349239
349225
349221
349214
349213
349197
349195
349188
349181
349178
349174
349172
349375
349370
349362
349354
349351
349340
349336
349330
349301
