347896
347827
347730
347366
346830
346586
338699
332997
328969
325781
324357
314611
312602
312231
311515
307970
307395
306145
304442
298239
288269
288206
282506
281227
278197
277463
274757
272896
270007
261391
260854
259574
256754
256642
253579
252828
248036
246766
233672
215811
202854
196488
192073
189205
187078
186464
185958
180240
178776
177131
173631
173336
170116
169100
168254
163628
162044
162033
162026
153984
152155
151328
148905
148681
148155
143965
135550
133557
131989
120344
112099
109945
105635
105361
104504
103992
102202
92300
88842
86716
82815
78642
78375
73174
71235
50160
49680
41650
31925
18706
3975
3911
3453
2894
352458
352548
352825
354508
