348737
348662
348617
348590
348581
348565
348536
348530
348505
348487
348479
348449
348360
348311
348303
348266
348264
348257
348215
348210
348164
348141
348132
348119
348110
348105
348095
348076
348075
348062
348036
348030
348015
348006
347988
347953
347919
347917
347910
347839
347821
347814
347755
347752
347745
347744
347732
347705
347687
347659
347633
347606
347601
347596
347583
347576
347575
347555
347489
347476
347452
347443
347409
347331
347295
347263
347196
347181
347172
347143
347077
347065
347060
347037
347021
346989
346966
346952
346921
346833
346811
346810
346796
346787
346761
346730
346689
346685
346670
346647
346631
346625
346624
346622
346600
346585
346571
346554
346552
346543
346537
346523
346520
346518
346485
346474
346463
346419
346396
346395
346383
346343
346342
346332
346291
346280
346279
346277
346275
346269
346262
346250
346248
346196
346169
346163
346128
346126
346121
346117
346111
346101
346082
346072
346066
346059
346040
346032
346005
346000
345930
345914
345909
345901
345893
345871
345856
345848
345840
345831
345782
345737
345735
345716
345634
345584
345577
345576
345546
345527
345525
345494
345482
345457
345442
345431
345413
345382
345369
345367
345350
345339
345336
345335
345333
345295
345255
345233
345223
345218
345196
345182
345126
345099
345079
345073
345063
345060
345013
345007
344982
344968
344965
344964
344952
344940
344919
344896
344869
344794
344696
344694
344665
344633
344599
344587
344580
344558
344552
344537
344476
344441
344431
344389
344333
344241
344225
344179
344145
344064
344006
343769
343580
343556
343472
343313
343262
343174
343150
343058
342980
342961
342899
342895
342883
342862
342780
342699
342610
342454
342365
342068
341986
341934
341841
341065
341019
340988
340848
340773
340635
340494
340481
340455
340232
340005
339824
339754
339675
339428
339345
339204
339174
339129
338844
338649
338625
338537
338268
338266
338096
338081
337905
337902
337881
337746
337461
337164
336674
336543
336338
336026
335575
335361
335300
335255
334594
334267
334203
334064
333700
331017
330973
330966
330694
330603
330451
330360
329907
329294
329236
328671
328668
328601
328491
328388
327043
326669
326614
326410
326143
325251
325092
324340
323574
322403
321225
321028
318874
317892
317724
317155
314505
313690
313564
313471
313136
310831
310581
306138
305148
304747
304252
303881
303414
303047
302642
302062
301974
300904
300825
300291
300192
298600
297603
296613
296432
296022
295875
295053
294426
294053
293292
292277
290745
289753
289576
289192
286653
285794
283965
283826
283483
283105
282854
280418
279358
279278
279202
275481
274079
273903
271973
271580
271527
270960
268704
267768
264836
258859
257354
254935
254618
253816
253741
253362
251773
249464
247532
246674
245646
244101
242259
242238
239841
236566
234488
233945
231652
227673
225974
225955
225555
225269
225124
225069
225056
224871
224563
223723
222451
221636
217682
216274
215738
215447
215020
213304
212294
212264
211917
211681
210952
210272
209404
208606
206479
205642
205353
204118
203048
202817
349386
349379
349377
349365
349363
349338
349332
349308
349272
349270
349185
349180
349173
349156
349151
349149
349089
349082
349068
349049
349022
348997
348987
348967
348952
348931
348913
348907
348886
351742
351728
351717
351670
351667
351657
351610
351605
351540
351537
351532
351514
351493
351489
351484
351474
351459
351433
351427
351404
351393
351374
351357
351323
351319
351301
351300
351295
351273
351272
351258
351240
351236
351229
351179
351177
351164
351163
351142
351122
351096
351088
351079
351078
351077
351055
351040
351029
351022
351005
350995
350958
350944
350940
350895
350884
350865
350861
350851
350843
350838
350818
350811
350802
350793
350782
350779
350746
350727
350726
350710
350695
350692
350672
350666
350656
350655
350626
350617
350615
350587
350539
350528
350511
350506
350500
350493
350473
350434
350420
350397
350390
350374
350349
350348
350345
350285
350268
350266
350247
350192
350160
350145
350144
350142
350141
350135
350131
350117
350116
350115
350105
350094
350087
350057
350055
350051
350039
350027
349980
349971
349953
349930
349882
349866
349858
349817
349806
349791
349767
349746
349745
349741
349727
349726
349717
349716
349709
349695
349680
349647
349639
349602
349564
349559
349558
349526
349509
349506
349490
349487
349463
349432
349414
349409
349398
349391
352155
352152
352131
352099
352091
352080
352038
352034
352026
352015
351973
351896
351889
351884
351880
351869
351866
351813
351810
351757
352198
352170
352394
352372
352355
352343
352307
352279
352275
352473
352436
352433
352424
352538
352535
352630
352578
352735
352716
352713
352696
352675
352673
352813
352810
352786
352912
352910
352896
352889
352872
352863
352831
352828
352977
352951
352948
352942
353090
353075
353073
353061
353055
353031
353028
353026
353012
353006
353004
352998
353218
353209
353196
353177
353165
353137
353120
353119
353103
353337
353330
353297
353294
353261
353250
353246
353423
353413
353377
353371
353354
353563
353560
353559
353508
353476
353470
353721
353720
353711
353699
353689
353681
353674
353672
353665
353644
353634
353614
353601
353578
353572
353565
353788
353777
353708
353706
353858
353845
353843
353828
353991
353985
353964
353936
353933
353929
354076
354031
354018
354178
354132
354110
354108
354101
354097
354093
354295
354285
354245
354233
354212
354203
354198
354402
354397
354382
354366
354342
354341
354333
354315
354310
354489
354468
354463
354462
354431
354420
354418
354414
354579
354568
354550
354535
354530
354525
354522
354518
354516
354513
354510
354495
354775
354752
354731
354726
354699
354695
354688
354686
354679
354675
354668
354664
354639
354638
354628
354618
354601
354592
355033
355014
355013
354997
354995
354979
354958
354934
354917
354900
354887
354880
354865
354834
354829
354827
355138
355121
355120
355112
355103
355102
355088
355079
355071
355062
355042
355332
355326
355316
355300
355289
355271
355243
355241
355239
355223
355187
355180
355153
355630
355629
355599
355598
355596
355549
355513
355512
355500
355497
355496
355459
355454
355443
355441
355425
355401
355400
355388
355361
355748
355745
355733
355696
355690
355886
355881
355879
355862
355852
355820
355819
355816
355789
355778
355757
356270
356256
356254
356250
356174
356155
356145
356121
356109
356099
356092
356061
356055
356049
356041
356035
356020
355993
355991
355955
355948
355946
355906
356470
356459
356452
356451
356425
356390
356381
356374
356347
356321
356316
356286
356275
356800
356799
356786
356782
356781
356778
356777
356749
356741
356732
356731
356730
356722
356717
356710
356709
356700
356693
356638
356611
356606
356587
356562
356558
356544
356539
356535
356529
356505
356502
356975
356954
356952
356944
356919
356903
356874
356873
356867
356846
356844
356826
356823
357079
357076
357074
357070
357066
357022
357018
357003
356978
357446
357430
357414
357411
357405
357399
357390
357361
357359
357350
357330
357321
357301
357282
357278
357248
357158
357131
357123
357115
357094
357091
357087
357662
357592
357571
357549
357547
357538
357536
357512
357502
357494
357487
357762
357756
357725
357724
357675
358263
358255
358233
358231
358229
358207
358195
358194
358177
358165
358157
358130
358120
358090
358076
358065
358062
358042
358025
358004
357992
357955
357945
357918
357914
357912
357873
357868
357858
357856
357830
357822
357815
357812
357807
357800
357799
357794
357792
357776
358431
358418
358406
358405
358404
358403
358382
358364
358353
358352
358346
358345
358344
358337
358336
358335
358334
358489
358481
358464
358439
358570
358562
358545
358544
358543
358540
358539
358536
358530
358526
358516
358502
358607
358605
358604
358602
358599
358586
358585
358583
358582
358578
358577
358575
358574
358573
358698
358691
358674
358658
358657
358656
358655
358654
358653
358643
358642
358634
358633
358632
358631
358629
358628
358623
358618
358616
358614
358613
358612
358611
358778
358772
358748
358735
358728
358872
358860
358848
358841
358835
358822
358943
358928
358926
359079
359072
359019
359017
358996
358991
358984
359121
359119
359117
359114
359109
359108
359099
359097
359084
359225
359204
359201
359184
359181
359172
359170
359168
359164
359157
359139
359138
359374
359369
359359
359340
359331
359315
359306
359286
359284
359273
359270
359254
359510
359508
359491
359455
359402
359599
359598
359574
359565
359558
359529
359522
359943
359937
359923
359861
359858
359854
359838
359796
359790
359783
359780
359770
359762
359750
359747
359743
359734
359720
359696
359693
359692
359674
359669
359656
359652
359648
360057
360050
360029
360019
360016
360008
359999
359972
359964
359963
359960
360146
360142
360129
360119
360105
360091
360076
360376
360351
360347
360328
360324
360315
360313
360303
360285
360276
360274
360266
360219
360212
360207
360204
360195
360194
360193
360185
360172
360540
360537
360484
360470
360432
360427
360386
360583
360575
360574
360560
360683
360675
360645
360635
360613
360611
360750
360749
360719
360877
360876
360833
360969
360965
360954
360934
360907
360886
361102
361080
361064
361033
361014
361010
361205
361200
361147
361355
361334
361289
361286
361281
361257
361252
361250
361408
361394
361387
361383
361517
361513
361510
361504
361490
361488
361483
361470
361646
361627
361625
361612
361611
362260
362242
362225
362206
362197
362187
362167
362159
362156
362140
362128
362124
362111
362103
362096
362092
362090
362039
362014
362005
361985
361966
361961
361957
361946
361922
361921
361896
361885
361876
361874
361871
361838
361834
361830
361783
361752
361736
361716
361700
361698
361692
361682
362290
362288
362284
362277
362275
362380
362368
362357
362355
362353
362352
362347
362346
362341
362339
362331
362328
362469
362448
362427
362426
362408
362389
362570
362569
362567
362564
362551
362542
362533
362526
362516
362514
362499
362496
362487
362482
362471
362688
362680
362662
362661
362637
362630
362613
362612
362576
362833
362828
362823
362801
362798
362785
362765
362745
362744
362743
362739
362716
362707
362884
362874
362992
362986
362972
362966
362957
362952
362950
362945
362931
362919
362916
363067
363066
363059
363037
363015
363012
362995
363348
363320
363316
363300
363293
363268
363266
363264
363259
363246
363245
363232
363218
363217
363200
363159
363158
363141
363133
363125
363123
363118
363117
363101
363079
363487
363474
363449
363435
363427
363424
363416
363415
363414
363393
363392
363539
363533
363515
363498
363491
363663
363647
363644
363627
363625
363624
363613
363612
363607
363606
363593
363578
363576
363575
363568
363721
363719
363713
363711
363690
363689
363686
363675
363805
363803
363800
363787
363749
363884
363870
363863
363838
363833
363831
364000
363993
363991
363987
363982
363978
363966
363954
363953
363935
363927
364125
364109
364082
364079
364075
364039
364036
364034
364027
364025
364023
364004
364003
364002
364200
364199
364196
364187
364177
364146
364145
364333
364332
364318
364317
364290
364257
364247
364231
364230
364228
364212
364207
364203
364195
364502
364499
364497
364494
364485
364471
364445
364444
364415
364375
364371
364356
364355
364346
364728
364726
364724
364709
364702
364701
364682
364661
364632
364629
364627
364610
364603
364586
364830
364829
364827
364826
364824
364822
364811
364794
364780
364778
364758
364752
364750
364742
364741
364734
364910
364902
364893
364888
364884
364875
364874
364871
364864
364852
364849
364846
364982
364978
364975
364972
364966
364963
364946
364928
365153
365145
365144
365135
365125
365084
365076
365071
365066
365059
365058
365056
365055
365054
365037
365033
365006
365202
365197
365187
365186
365175
365158
365272
365271
365270
365244
365237
365228
365226
365209
365438
365436
365434
365421
365420
365418
365416
365404
365398
365395
365385
365378
365370
365365
365355
365333
365319
365304
365297
365296
365274
365498
365492
365488
365487
365486
365464
365456
365449
365582
365571
365560
365553
365552
365542
365538
365535
365532
365593
365591
365583
365666
365662
365661
365651
365634
365625
365613
365598
365597
365748
365746
365737
365732
365730
365719
365705
365692
365688
365686
365682
365830
365828
365806
365801
365795
365791
365773
365771
365769
365768
365766
365806
365801
365798
365795
365791
365773
365771
365769
365768
365766
365748
365746
365737
365732
365730
365719
365705
365692
365688
365686
365682
365837
365833
365898
365881
365875
365871
365870
365868
365845
366066
366064
366063
366055
366050
366168
366163
366162
366148
366146
366144
366143
366142
366138
366129
366121
366116
366107
366106
366105
366080
366044
366018
366014
366013
366012
366005
366003
365993
365991
365980
365957
365950
365942
365921
365916
365910
365906
366204
366197
366190
366245
366237
366224
366215
366209
366298
366294
366292
366289
366281
366280
366272
366270
366260
366315
366444
366430
366418
366405
366391
366349
366331
366566
366548
366543
366541
366538
366534
366527
366521
366516
366512
366491
366488
366483
366476
366466
366463
366455
366650
366647
366642
366641
366634
366631
366623
366622
366605
366742
366726
366724
366699
366681
366662
366661
366659
366777
366771
366770
366837
366832
366885
366878
366855
366937
366935
366931
367129
367127
367111
367105
367101
367078
367076
367074
367065
367052
367045
367043
367039
367016
367005
366998
367217
367193
367174
367153
367150
367295
367284
367264
367262
367260
367256
367254
367250
367249
367247
367682
367681
367680
367670
367657
367622
367607
367600
367590
367589
367583
367571
367560
367556
367552
367548
367547
367546
367545
367543
367540
367529
367528
367493
367489
367488
367481
367467
367455
367449
367437
367407
367391
367387
367386
367383
367341
367333
367330
367329
367328
367326
367322
367317
367303
367297
367712
367699
367696
367779
367776
367768
367764
367341
367333
367330
367329
367328
367326
367322
367317
367303
367297
367407
367391
367387
367386
367383
367493
367489
367488
367486
367481
367472
367467
367455
367449
367437
367540
367529
367528
367815
367797
367796
367787
367784
367927
367909
367906
367903
367899
367894
367874
367860
367855
367839
367827
367824
367989
367972
367953
368472
368469
368445
368430
368410
368391
368381
368349
368342
368338
368334
368329
368325
368324
368322
368321
368319
368314
368304
368303
368298
368275
368269
368265
368257
368241
368239
368223
368192
368176
368166
368161
368148
368074
368070
368068
368051
368040
368503
368491
368478
368474
368539
368538
368529
368525
368593
368576
368563
368674
368673
368655
368648
368645
368639
368637
368627
368624
368615
368614
368729
368727
368720
368713
368712
368855
368852
368829
368815
368813
368787
368772
368885
368881
368880
368879
368877
368876
368870
368954
368953
368942
368941
368928
368927
368914
368973
368968
369019
369018
369017
369015
369009
369005
369004
369001
369028
369027
369026
369021
369166
369162
369152
369150
369141
369114
369112
369094
369093
369091
369087
369077
369076
369067
369066
369054
369052
369211
369192
369191
369264
369253
369241
369233
369228
369368
369363
369361
369341
369316
369408
369374
369455
369450
369439
369498
369497
369470
369462
369540
369539
369532
369526
369513
369587
369565
369547
369544
369681
369671
369642
369627
369626
369624
369620
369617
369601
369718
369717
369715
369713
369702
369700
369806
369798
369796
369762
369740
369848
369817
369924
369898
369897
369894
369859
369858
370025
370019
370010
369989
369987
369985
369982
369980
369971
369950
369949
370113
370110
370089
370082
370080
370064
370036
370200
370157
370150
370277
370254
370249
370243
370347
370346
370344
370336
370330
370328
370318
370317
370313
370303
370301
370283
370390
370382
370359
370491
370480
370454
370518
370504
370563
370559
370554
370524
370632
370622
370619
370720
370698
370684
370672
370656
370652
370649
370819
370748
370743
370736
370721
370851
370842
370833
370933
370919
370875
370873
371111
371100
371088
371035
371025
370992
371175
371249
371397
371386
371375
371368
371350
371343
371341
371340
371337
371317
371311
371530
371477
371462
371430
371622
371619
371616
371609
371594
371578
371571
371536
371533
371742
371728
371722
371691
371689
371680
371664
371789
371777
371776
371826
371811
371881
371877
372037
372036
372035
372034
372024
372009
371997
371973
371956
371950
371932
371911
371910
371908
371886
372135
372133
372130
372123
372112
372095
372074
372269
372260
372242
372221
372209
372201
372169
372162
372157
372350
372310
372284
372280
372279
372278
372275
372496
372491
372470
372451
372441
372422
372404
372401
372372
372369
372363
372556
372552
372548
372547
372546
372531
372509
372662
372647
372608
372598
372568
372742
372737
372718
372717
372714
372711
372705
372699
372693
372834
372832
372820
