348737
348662
348617
348590
348581
348565
348536
348530
348505
348487
348479
348449
348360
348311
348303
348266
348264
348257
348215
348210
348164
348141
348132
348119
348110
348105
348095
348076
348075
348062
348036
348030
348015
348006
347988
347953
347919
347917
347910
347839
347821
347814
347755
347752
347745
347744
347732
347705
347687
347659
347633
347606
347601
347596
347583
347576
347575
347555
347489
347476
347452
347443
347409
347331
347295
347263
347196
347181
347172
347143
347077
347065
347060
347037
347021
346989
346966
346952
346921
346833
346811
346810
346796
346787
346761
346730
346689
346685
346670
346647
346631
346625
346624
346622
346600
346585
346571
346554
346552
346543
346537
346523
346520
346518
346485
346474
346463
346419
346396
346395
346383
346343
346342
346332
346291
346280
346279
346277
346275
346269
346262
346250
346248
346196
346169
346163
346128
346126
346121
346117
346111
346101
346082
346072
346066
346059
346040
346032
346005
346000
345930
345914
345909
345901
345893
345871
345856
345848
345840
345831
345782
345737
345735
345716
345634
345584
345577
345576
345546
345527
345525
345494
345482
345457
345442
345431
345413
345382
345369
345367
345350
345339
345336
345335
345333
345295
345255
345233
345223
345218
345196
345182
345126
345099
345079
345073
345063
345060
345013
345007
344982
344968
344965
344964
344952
344940
344919
344896
344869
344794
344696
344694
344665
344633
344599
344587
344580
344558
344552
344537
344476
344441
344431
344389
344333
344241
344225
344179
344145
344064
344006
343769
343580
343556
343472
343313
343262
343174
343150
343058
342980
342961
342899
342895
342883
342862
342780
342699
342610
342454
342365
342068
341986
341934
341841
341065
341019
340988
340848
340773
340635
340494
340481
340455
340232
340005
339824
339754
339675
339428
339345
339204
339174
339129
338844
338649
338625
338537
338268
338266
338096
338081
337905
337902
337881
337746
337461
337164
336674
336543
336338
336026
335575
335361
335300
335255
334594
334267
334203
334064
333700
331017
330973
330966
330694
330603
330451
330360
329907
329294
329236
328671
328668
328601
328491
328388
327043
326669
326614
326410
326143
325251
325092
324340
323574
322403
321225
321028
318874
317892
317724
317155
314505
313690
313564
313471
313136
310831
310581
306138
305148
304747
304252
303881
303414
303047
302642
302062
301974
300904
300825
300291
300192
298600
297603
296613
296432
296022
295875
295053
294426
294053
293292
292277
290745
289753
289576
289192
286653
285794
283965
283826
283483
283105
282854
280418
279358
279278
279202
275481
274079
273903
271973
271580
271527
270960
268704
267768
264836
258859
257354
254935
254618
253816
253741
253362
251773
249464
247532
246674
245646
244101
242259
242238
239841
236566
234488
233945
231652
227673
225974
225955
225555
225269
225124
225069
225056
224871
224563
223723
222451
221636
217682
216274
215738
215447
215020
213304
212294
212264
211917
211681
210952
210272
209404
208606
206479
205642
205353
204118
203048
202817
349386
349379
349377
349365
349363
349338
349332
349308
349272
349270
349185
349180
349173
349156
349151
349149
349089
349082
349068
349049
349022
348997
348987
348967
348952
348931
348913
348907
348886
