333893
333892
333891
333890
333889
333888
333887
333886
333885
333884
333883
333882
333881
333880
333879
333878
333740
333739
333738
333737
333736
333735
333734
333733
333732
333731
333730
333729
333728
333727
333726
333535
333534
333533
333532
333531
333530
333529
333528
333336
333335
333334
333333
333332
333331
333330
333329
333328
333327
333326
333325
333324
333323
333322
333321
333320
333319
333318
333317
333316
333315
333314
333313
333121
333120
333119
333118
333117
333116
333115
333114
333113
333112
333111
333110
333109
333108
333107
333106
333105
333104
332884
332883
332882
332881
332880
332879
332878
332877
332876
332875
332874
332873
332872
332871
332870
332869
332868
332867
332866
332865
332864
332863
332862
332861
332860
332859
332858
332857
332856
332855
332854
332853
332852
332851
332648
332647
332646
332645
332644
332643
332642
332641
332640
332639
332638
332637
332636
332635
332634
332633
332432
332431
332430
332429
332428
332427
332235
332234
332233
332232
332231
332052
332051
332050
332049
332048
332047
331855
331854
331853
331852
331851
331850
331849
331848
331847
331846
331845
331844
331583
331582
331581
331580
331579
331578
331577
331576
331575
331574
331573
331572
331571
331409
331408
331407
331406
331405
331404
331403
331402
331401
331400
331399
331398
331397
331396
331202
331201
331200
331199
331198
331197
331196
331195
331194
331003
331002
331001
331000
330999
330998
330997
330996
330995
330994
330993
330992
330991
330990
330989
330804
330803
330802
330801
330800
330799
330798
330797
330796
330795
330794
330793
330792
330791
330790
330718
330717
330716
330715
330714
330713
330712
330711
330710
330709
330708
330707
330428
330427
330426
330425
330424
330423
330422
330421
330420
330212
330211
330210
330209
330208
330207
330206
330205
329974
329973
329972
329971
329970
329969
329968
329967
329966
329965
329964
329963
329962
329961
329756
329755
329754
329753
329752
329751
329750
329749
329748
329747
329746
329745
329744
329743
329742
329741
329740
329739
329738
329737
329736
329735
329734
329519
329518
329517
329516
329515
329514
329513
329512
329511
329510
329509
329508
329237
329236
329235
329234
329233
329232
329231
329230
329229
329228
329227
329226
329225
329224
329223
329222
329062
329061
329060
329059
329058
329057
329056
329055
329054
329053
329052
329051
329050
329049
329048
329047
329046
329045
328823
328822
328821
328820
328819
328818
328817
328816
328815
328814
328813
328812
328811
328809
328808
328807
328806
328805
328804
328585
328584
328583
328582
328581
328580
328579
328578
328577
328576
328575
328574
328573
328572
328571
328570
328325
328324
328323
328322
328321
328320
328154
328153
328152
328151
328150
328149
328148
328147
328146
328145
328144
328143
328142
328141
328140
328139
327906
327905
327904
327903
327902
327901
327900
327899
327898
327897
327896
327895
327894
327893
327892
327891
327890
327889
327888
327887
327886
327885
327884
327883
327882
327881
327880
327879
327650
327649
327648
327647
327646
327645
327644
327643
327642
327641
327640
327639
327638
327637
327636
327635
327634
327633
327632
327398
327397
327396
327395
327394
327393
327392
327391
327390
327389
327388
327387
327386
327385
327384
327383
327382
327381
327380
327379
327378
327377
327376
327375
327374
327373
327372
327371
327370
327369
327368
327122
327121
327120
327119
327118
327117
327116
327115
327114
327113
327112
327111
327110
327109
327108
327107
327106
327105
327104
327103
327102
327101
327100
327099
327098
327097
327096
327095
327094
327093
327092
327091
326839
326838
326837
326836
326835
326834
326833
326832
326831
326830
326829
326828
326827
326826
326825
326824
326823
326822
326590
326589
326588
326587
326586
326585
326584
326583
326582
326581
326580
326579
326578
326577
326576
326575
326574
326460
326459
326458
326457
326456
326455
326454
326453
326452
326451
326450
326449
326448
326447
326446
326445
326444
326443
326442
326441
326440
326439
326438
326437
326436
326435
324474
324473
324472
324471
324470
324469
324468
324467
324466
324465
324464
324463
324462
324461
324460
324459
324239
324238
324237
324236
324235
324234
324233
324232
324231
324230
324229
324228
324227
324226
324225
324224
324223
324222
324221
324220
324219
324218
324217
324216
324215
324214
324213
324212
324211
323970
323969
323968
323967
323966
323965
323964
323963
323962
323961
323960
323959
323958
323957
323956
323955
323954
323953
323952
323951
323950
323949
323948
323947
323946
323945
323944
323943
323942
323941
323940
323939
323938
323937
323936
323721
323720
323719
323718
323717
323716
323715
323714
323713
323712
323711
323710
323709
323708
323707
323706
323705
323704
323703
323702
323701
323700
323699
323481
323480
323479
323478
323477
323476
323475
323474
323473
323472
323471
323470
323469
323468
323467
323466
323465
323464
323463
323462
323461
323460
323459
323458
323457
323456
323455
323245
323244
323243
323242
323241
323240
323239
323238
323237
323236
323235
323233
323232
323231
323230
323229
323228
323227
323025
323024
323023
323022
323021
323020
323019
323018
323017
323016
323015
323014
323013
323012
323011
323010
323009
323008
323007
323006
323005
323004
323003
323002
323001
323000
322999
322998
322997
322996
322995
322500
322499
322498
322497
322496
322495
322494
322493
322492
322491
322490
322489
322488
322487
322486
322485
322484
322483
322482
322481
322480
322479
322478
322275
322274
322273
322272
322271
322270
322269
322268
322267
322266
322265
322264
322263
322262
322261
322260
322259
322258
322257
322256
322255
322254
322253
322252
322251
322250
322249
322004
322003
322002
322001
322000
321999
321998
321997
321996
321995
321994
321993
321992
321991
321990
321989
321988
321987
321986
321985
321858
321857
321856
321855
321854
321853
321852
321851
321850
321849
321848
321847
321846
321845
321844
321843
321842
321841
321840
321839
321838
321837
321836
321835
321834
321833
321832
321831
321830
321829
321547
321546
321545
321544
321543
321542
321541
321540
321539
321538
321537
321536
321535
321534
321533
321532
321531
321530
321300
321299
321298
321297
321296
321295
321294
321293
321292
321291
321290
321289
321288
321287
321286
321285
321284
321283
321282
321281
321280
321279
321278
321277
321276
321275
321274
321273
321029
321028
321027
321026
321025
321024
321023
321022
320768
320767
320766
320765
320764
320763
320762
320761
320760
320759
320758
320757
320756
320539
320538
320537
320536
320535
320534
320533
320532
320531
320530
320529
320528
320527
320526
320241
320240
320239
320238
320237
320236
320235
320234
320233
320232
320231
320230
320229
320228
319997
319996
319995
319994
319993
319992
319991
319990
319989
319988
319987
319986
319985
319984
319983
319982
319981
319980
319979
319978
319977
319976
319975
319974
319973
319972
319971
319970
319817
319816
319815
319814
319813
319812
319811
319810
319809
319808
319807
319806
319805
319804
319803
319802
319801
319800
319511
319510
319509
319508
319507
319506
319505
319504
319503
319502
319501
319500
319499
319304
319303
319302
319301
319300
319299
319298
319297
319296
319295
319294
319293
319292
319291
319290
319289
319288
319287
319286
319067
319066
319065
319064
319063
319062
319061
319060
319059
319058
319057
319056
319055
319054
319053
319052
319051
319050
318833
318832
318831
318830
318829
318828
318827
318826
318825
318824
318823
318822
318821
318820
318819
318818
318817
318816
318815
318814
318813
318812
318811
318810
318809
318808
318807
318806
318805
318804
318803
318577
318576
318575
318574
318573
318572
318571
318570
318569
318568
318567
318566
318565
318564
318563
318562
318561
318560
318559
318343
318342
318341
318340
318339
318338
318337
318336
318335
318334
318333
318332
318331
318100
318099
318098
318097
318096
318095
318094
318093
318092
318091
318090
318089
318088
318087
317865
317864
317863
317862
317861
317860
317859
317858
317857
317856
317855
317854
317853
317852
317851
317850
317849
317848
317847
317846
317845
317844
317843
317634
317633
317632
317631
317630
317629
317628
317627
317626
317625
317624
317623
317524
317523
317522
317521
317365
317364
317363
317362
317361
317360
317359
317358
317357
317356
317355
317354
317353
317352
317351
317350
317349
317348
317266
317265
317264
317263
317262
317261
317260
317259
317258
317257
317256
317255
317254
317253
317252
317251
317250
317113
317112
317111
317110
317109
317108
317107
317106
317105
317104
317103
317102
317101
317100
317099
317098
317097
317096
317095
317094
316993
316992
316991
316990
316989
316988
316987
316986
316985
316984
316983
316982
316981
316980
316817
316816
316815
316814
316813
316812
316811
316810
316809
316808
316807
316806
316805
316804
316803
316802
316801
316677
316676
316675
316674
316673
316672
316671
316670
316669
316668
316667
316666
316665
316664
316663
316496
316495
316494
316493
316492
316491
316490
316489
316488
316487
316486
316485
316484
316483
316482
316481
316480
316384
316383
316382
316381
316380
316379
316378
316377
316376
316375
316374
316373
316372
316371
316370
316369
316368
316367
316366
316365
316364
316363
316362
316361
316360
316359
316358
316357
316356
316355
316354
316353
316185
316184
316183
316182
316181
316180
316179
316178
316177
316176
316175
316174
316173
316172
316171
316170
316169
316168
316167
316166
316165
316164
316163
316162
316161
316160
316159
316064
316063
316062
316061
316060
316059
316058
316057
316056
316055
316054
316053
316052
316051
316050
316049
316048
316047
315920
315919
315918
315917
315916
315915
315914
315913
315912
315911
315910
315909
315908
315907
315906
315841
315840
315839
315838
315837
315836
315835
315834
315833
315832
315831
315830
315829
315828
315827
315826
315825
315824
315823
315822
315821
315820
315819
315818
315817
315816
315815
315814
315813
315812
315811
315810
315809
315808
315807
315806
315805
315804
315803
315802
315801
315800
315799
315798
315797
315796
315795
315794
315793
315792
315622
315621
315620
315619
315618
315617
315616
315615
315614
315613
315612
315611
315610
315609
315608
315607
315606
315605
315604
315603
315495
315494
315493
315492
315491
315490
315489
315488
315487
315486
315485
315484
315483
315482
315481
315480
315479
315478
315477
315476
315475
315474
315473
315472
315471
315470
315469
315468
315300
315299
315298
315297
315296
315295
315294
315293
315292
315291
315290
315289
315288
315287
315286
315285
315284
315283
315282
315281
315280
315279
315278
315179
315178
315177
315176
315175
315174
315173
315172
315171
315170
315169
315168
315167
315166
315165
315164
315163
315162
315161
315160
315159
315158
315157
315156
315155
315154
315153
314958
314957
314956
314955
314954
314953
314952
314951
314950
314949
314948
314947
314946
314945
314944
314943
314942
314941
314940
314939
314938
314937
314936
314935
314934
314933
314932
314931
314930
314929
314928
314927
314926
314925
314924
314923
314922
314921
314920
314919
314918
314917
314916
314915
314914
314913
314912
314911
314910
314909
314601
314600
314599
314598
314597
314596
314595
314594
314593
314592
314591
314590
314589
314588
314587
314586
314585
314584
314583
314582
314581
314580
314579
314578
314577
314576
314575
314574
314573
314572
314571
314570
314569
314568
314567
314566
314565
314564
314563
314562
314561
314560
314559
314558
314557
314556
314555
314554
314553
314552
314307
314306
314305
314304
314303
314302
314301
314300
314299
314298
314297
314296
314295
314294
314293
314292
314291
314290
314289
314288
314287
314286
314285
314284
314094
314093
314092
314091
314090
314089
314088
314087
314086
314085
314084
314083
314082
314081
314080
314079
314078
314077
314076
314075
314074
314073
314072
314071
314005
314004
314003
314002
314001
314000
313999
313998
313997
313996
313995
313994
313993
313992
313991
313990
313989
313988
313987
313986
313985
313984
313983
313982
313981
313980
313979
313978
313977
313976
313975
313974
313973
313732
313731
313730
313729
313728
313727
313726
313725
313724
313723
313722
313721
313720
313719
313718
313717
313716
313715
313714
313713
313712
313711
313710
313709
313708
313707
313706
313705
313704
313703
313702
313701
313497
313496
313495
313494
313493
313492
313491
313490
313489
313488
313487
313486
313485
313484
313483
313482
313481
313480
313479
313478
313477
313476
313475
313474
313473
313472
313471
313470
313469
313468
313467
313134
313133
313132
313131
313130
313129
313128
313127
313126
313125
313124
313123
313122
313121
313120
313119
313118
313117
313116
313115
313114
313113
313112
313111
313110
313109
313108
313107
313106
313105
313104
313103
313102
313100
313099
313098
313097
313096
313095
313094
313093
313092
313091
313090
313089
313088
313087
313086
313085
313081
313080
313079
313078
313077
313076
313075
313074
313073
313072
313071
313070
313069
313068
313067
313066
313065
313064
312250
312249
312248
312247
312246
312245
312065
312064
312063
312062
312061
312060
312059
312058
312057
312056
312055
312054
312053
312052
311795
311794
311793
311792
311585
311584
311583
311582
311581
311580
311579
311578
311577
311576
311575
311574
311573
311572
311359
311358
311357
311356
311355
311354
311353
311352
311351
311350
311349
311348
311347
311193
311192
311191
311190
311189
311188
311187
311186
311185
311184
311183
311182
311181
311180
311179
311178
311177
311176
311175
310926
310925
310924
310923
310922
310921
310920
310919
310918
310917
310916
310915
310914
310913
310912
310720
310719
310718
310717
310716
310715
310714
310713
310712
310711
310710
310709
310708
310707
310706
310705
310704
310703
310702
310518
310517
310516
310515
310514
310513
310512
310511
310510
310509
310508
310507
310506
310505
310504
310503
310502
310501
310314
310313
310312
310311
310310
310309
310308
310307
310306
310305
310304
310303
310302
310301
310300
310299
310298
310297
310296
310038
310037
310036
310035
310034
310033
310032
310031
310030
310029
310028
310027
310026
310025
310024
310023
310022
310021
310020
310019
310018
310017
310016
310015
310014
310013
310012
310011
310010
310009
310008
310007
310006
310005
309779
309778
309777
309776
309775
309774
309773
309772
309771
309770
309769
309768
309767
309766
309765
309764
309514
309513
309512
309511
309510
309509
309508
309507
309506
309505
309504
309503
309502
309279
309278
309277
309276
309275
309274
309273
309272
309271
309270
309269
309268
309267
309266
309265
309264
309263
309262
309261
309260
309058
309057
309056
308925
308924
308923
308922
308921
308920
308919
308918
308917
308916
308915
308914
308913
308912
308911
308910
308909
308908
308907
308906
308905
308904
308801
308800
308799
308798
308797
308796
308795
308794
308793
308754
308753
308752
308751
308750
308749
308748
308747
308746
308745
308744
308743
308742
308741
308740
308739
308738
308737
308736
308735
308734
308733
308732
308731
308730
308729
308728
308727
308575
308574
308573
308572
308571
308570
308569
308568
308567
308566
308565
308564
308563
308562
308561
308560
308559
308558
308557
308490
308489
308488
308487
308486
308485
308484
308483
308482
308481
308480
308479
308478
308477
308476
308475
308474
308473
308472
308471
308470
308469
308468
308467
308466
308465
308464
308463
308462
308461
308460
308289
308288
308287
308286
308285
308284
308283
308282
308281
308280
308279
308278
308277
308212
308211
308210
308209
308208
308207
308206
308205
308204
308203
308202
308201
308200
308199
308198
308197
308196
308195
308194
308028
308027
308026
308025
308024
308023
308022
308021
308020
308019
308018
308017
308016
308015
308014
307858
307857
307856
307855
307854
307853
307852
307851
307850
307849
307848
307847
307651
307650
307649
307648
307647
307646
307645
307644
307643
307642
307641
307640
307639
307638
307637
307636
307635
307634
307633
307632
307631
307630
307629
307628
307627
307626
307625
307624
307623
307622
307621
307620
307619
307618
307617
307616
307615
307614
307613
307612
307611
307610
307609
307608
307607
307606
307605
307604
307603
307602
307537
307536
307535
307534
307533
307532
307531
307530
307529
307528
307527
307526
307525
307524
307523
307522
307521
307520
307519
307518
307517
307516
306859
306858
306857
306856
306855
306854
306686
306685
306684
306683
306682
306681
306680
306455
306454
306453
306452
306451
306450
306448
306445
306443
306442
306441
306440
306439
305945
305944
305943
305807
305806
305805
305804
305803
305802
305801
305800
305799
305798
305797
305796
305795
305794
305734
305733
305732
305731
305586
305585
305584
305583
305582
305581
305580
305319
305318
305317
305316
305315
305314
305313
305312
305311
305310
305309
305308
305307
305306
305305
305304
305126
305125
305124
305123
305122
305121
305120
305119
305118
305117
305116
304723
304722
304721
304720
304719
304718
304717
304716
304715
304714
304713
304712
304711
304710
304709
304708
304707
304706
304705
304704
304703
304702
304701
304700
304699
304698
304697
304696
304695
304694
304693
304692
304691
304690
304689
304688
304334
304333
304332
304331
304330
304329
304328
304327
304326
304325
304321
304315
304314
304313
304312
304311
304310
304309
304308
304307
304306
304305
304304
304303
304302
304301
303921
303920
303919
303918
303917
303916
303915
303914
303913
303912
303911
303910
303909
303908
303907
303906
303905
303904
303903
303902
303901
303900
303899
303898
303897
303896
303895
303894
303893
303892
303891
303890
303889
303888
303887
303886
303885
303884
303883
303882
303881
303880
303879
303878
303877
303876
303875
303874
303873
303872
303707
303706
303705
303704
303703
303702
303701
303700
303699
303698
303697
303696
303695
303694
303693
303692
303691
303690
303689
303688
303687
303686
303685
303684
303683
303682
303681
303680
303679
303678
303677
303676
303675
303674
303673
303672
303671
303670
303669
303668
303667
303666
303665
303664
303663
303662
303661
303660
303659
303658
303418
303417
303416
303415
303414
303413
303412
303411
303410
303409
303408
303407
303406
303405
303404
303403
303178
303177
303176
303175
303174
303173
303172
303171
303170
303169
303168
303167
303166
303165
303164
303163
303162
303161
303160
303159
303158
303157
303156
303155
303154
303153
303152
303151
303150
303149
303148
303147
303146
303145
303144
303011
303010
303009
303008
303007
303006
303005
303004
303003
303002
303001
303000
302999
302998
302997
302996
302995
302994
302993
302696
302695
302694
302693
302692
302691
302690
302689
302688
302687
302686
302685
302684
302683
302682
302681
302680
302679
302678
302677
302676
302675
302528
302527
302526
302525
302524
302523
302522
302521
302520
302519
302518
302517
302516
302515
302514
302197
302196
302195
302194
302193
302192
302191
302190
302189
302188
302187
302186
302185
302184
302183
302182
302181
302180
302179
302178
302177
302176
302175
302174
302173
302172
302171
302170
302089
302088
302087
302086
302085
302084
302083
302082
302081
302080
302079
302078
302077
302076
301837
301834
301831
301828
301825
301822
301819
301818
301817
301816
301815
301814
301813
301812
301811
301810
301809
301808
301807
301806
301805
301804
301803
301802
301801
301800
301799
301798
301797
301796
301795
301794
301793
301792
301791
301790
301659
301658
301657
301656
301655
301654
301653
301652
301651
301650
301649
301648
301647
301646
301645
301644
301643
301505
301502
301499
301496
301493
301490
301487
301484
301397
301396
301395
301393
301392
301391
301390
301389
301388
301387
301386
301385
301384
301383
301382
301381
301380
301379
301090
301087
301084
301081
301078
301075
301072
301069
300866
300865
300864
300863
300862
300861
300860
300859
300858
300622
300621
300620
300619
300618
300617
300616
300613
300610
300607
300541
300540
300539
300538
300537
300536
300535
300534
300533
300532
300531
300530
300529
300267
300266
300265
300264
300263
300262
300261
300260
300259
300258
300257
300256
300255
300254
300253
300088
300087
300086
300085
300084
300083
300082
300081
300080
300079
300078
300077
300076
300075
300074
300073
300072
300071
300070
300069
300068
299741
299740
299739
299738
299737
299736
299735
299734
299733
299732
299731
299730
299729
299728
299727
299726
299725
299724
299723
299722
299721
299720
299719
299718
299717
299716
299715
299714
299713
299712
299711
299710
299709
299708
299707
299706
299705
299704
299703
299702
299701
299700
299699
299698
299697
299696
299695
299694
299693
299692
299605
299604
299603
299602
299601
299600
299599
299598
299597
299596
299595
299594
299593
299592
299591
299590
299589
299588
299587
299586
299349
299348
299347
299346
299345
299344
299343
299342
299341
299340
299339
299338
299337
299336
299335
299334
299333
299332
299331
299330
299329
299328
299327
299326
299325
299324
299323
299322
299321
299320
299167
299166
299165
299164
299163
299162
299161
299160
299159
299158
299157
299156
299155
299154
299153
299152
299151
299150
299149
299148
299147
299146
299145
299144
299143
299142
299141
299140
299139
299138
299137
299136
299135
299134
299133
299132
299131
299130
299129
299128
299127
299126
299125
299124
299123
299122
299121
299120
299119
299118
298790
298789
298788
298787
298786
298785
298784
298783
298782
298781
298780
298779
298778
298777
298776
298775
298774
298773
298772
298771
298770
298769
298768
298767
298766
298765
298764
298763
298762
298761
298760
298759
298758
298757
298756
298755
298754
298753
298752
298751
298750
298749
298748
298747
298746
298745
298744
298743
298742
298741
298045
298044
298043
298042
298041
298040
298039
298038
298037
298036
298035
298034
298033
298032
298031
298030
298029
298028
298027
298026
298025
298024
298023
298022
298021
298020
298019
298018
298017
298016
298015
298014
298013
298012
298011
298010
298009
298008
298007
298006
298005
298004
298003
298002
298001
298000
297999
297998
297997
297996
297799
297798
297797
297796
297795
297794
297793
297792
297791
297790
297789
297788
297787
297786
297785
297784
297783
297782
297781
297780
297578
297577
297576
297575
297574
297573
297572
297571
297570
297569
297568
297567
297566
297565
297564
297563
297562
297561
297560
297559
297558
297557
297556
297555
297554
297553
297552
297551
297550
297549
297548
297547
297546
297545
297544
297543
297542
297541
297540
297539
297538
297537
297536
297535
297534
297533
297532
297531
297530
297529
297338
297337
297336
297335
297334
297333
297332
297331
297330
297329
297328
297146
297145
297144
297143
297142
297141
297140
297139
297138
297137
297136
297135
297134
297133
297132
297131
297130
297129
297128
297127
297126
297125
297124
297123
297122
297121
297120
297119
297118
297117
297116
297115
297114
297113
297112
297111
297110
297109
297108
297107
297106
297105
297104
297103
297102
297101
297100
297099
297098
297097
296830
296829
296828
296827
296826
296825
296824
296823
296822
296821
296820
296819
296818
296817
296816
296815
296814
296813
296812
296811
296810
296809
296808
296807
296481
296480
296479
296478
296477
296476
296475
296474
296473
296472
296471
296470
296469
296468
296467
296466
296465
296464
296463
296462
296461
296460
296459
296458
296457
296456
296455
296454
296453
296452
296451
296450
296449
296448
296447
296446
296445
296444
296443
296442
296441
296440
296439
296438
296437
296436
296435
296434
296433
296289
296288
296287
296286
296285
296284
296283
296282
296281
296280
296279
296278
296277
296276
296275
296274
296273
296272
296271
296270
296121
296120
296119
296118
296117
296116
296115
296114
296113
296112
296111
296110
296109
296108
296107
296106
296105
296104
296103
296102
296101
296100
296099
296098
296097
296096
296095
295658
295657
295656
295655
295654
295653
295652
295651
295650
295649
295648
295647
295646
295645
295644
295643
295642
295641
295640
295639
295638
295637
295636
295635
295634
295633
295632
295631
295630
295629
295628
295627
295626
295625
295624
295623
295622
295621
295620
295619
295618
295617
295616
295615
295614
295613
295612
295611
295610
295609
294838
294835
294832
294829
294826
294823
294820
294635
294632
294629
294626
294621
294618
294615
294612
294609
294606
294603
294600
294597
294594
294591
294567
294565
294563
294560
294558
294557
294555
294552
294549
294546
294543
294293
294163
294162
294160
294159
294158
294157
294156
294155
294154
294153
294152
294151
294150
294149
294148
294147
293773
293770
293767
293764
293762
293761
293759
293758
293756
293755
293753
293752
293751
293750
293749
293748
293747
293746
293745
293744
293742
293739
293736
293733
293573
293572
293571
293570
293569
293568
293567
293566
293565
293564
293563
293562
293561
293210
293208
293207
293205
293204
293202
293201
293199
293196
293193
293190
293187
293184
293182
292755
292754
292753
292752
292751
292750
292749
292748
292747
292746
292745
292744
292743
292742
292741
292740
292739
292738
292737
292736
292735
292734
292733
292732
292731
292730
292729
292728
292727
292726
292725
292724
292723
292722
292721
292720
292719
292718
292717
292716
292715
292714
292077
292075
292074
292073
292072
292071
292070
292069
292068
292067
292066
292065
292064
292063
292062
292061
292060
292059
292058
292057
292056
292055
292054
292053
292052
292051
292050
292049
292048
292047
292046
292044
292041
292038
292035
292032
292029
291528
291527
291526
291525
291524
291521
291520
291519
291518
291517
291515
291513
291511
291509
291507
291505
291503
291502
291500
291499
291497
291496
291494
291493
291491
291490
291488
291487
291485
291484
291482
291481
291479
291256
291255
291254
291253
291252
291251
290896
290893
290890
290887
290884
290881
290878
290875
290872
290869
290866
290860
290857
290852
290849
290403
290402
290401
290400
290399
290398
290397
290396
290395
290394
290393
290392
290391
290390
290389
290388
290387
290386
290385
290384
290383
290382
290381
290380
290379
290378
290377
290376
290375
290374
290373
290372
290371
290370
290369
290368
290367
290366
290365
290364
290363
290362
290361
290280
290277
290274
290271
290268
290266
290265
290259
290256
290253
290250
290247
290244
290241
290238
290235
290233
289795
289794
289763
289531
289530
289529
289528
289527
289526
289525
289524
289522
289519
289516
289513
289510
289507
289504
289501
289498
289495
289492
289489
289486
289483
289482
289107
289105
289104
289102
289101
289099
289098
289097
289096
289095
289094
289093
289092
289091
289090
289089
289088
289087
289086
289085
289084
289083
289082
289081
289080
289079
289078
289077
289076
289075
289074
289073
289072
289071
289070
289069
289068
289067
289066
289065
289064
289063
289062
289061
289060
289059
289058
288563
288562
288561
288560
288559
288558
288557
288556
288555
288554
288553
288552
288549
288544
288541
288536
288533
288530
288527
288524
288045
288044
288043
288042
288041
288040
288039
288038
288037
288036
288035
288034
288033
288032
288031
288030
288029
288028
288027
287948
287947
287946
287945
287944
287943
287942
287941
287940
287939
287938
287937
287936
287935
287934
287933
287932
287931
287930
287929
287928
287927
287926
287925
287924
287923
287922
287921
287920
287919
287918
287917
287916
287915
287914
287913
287912
287911
287910
287909
287908
287907
287906
287905
287904
287903
287902
287901
287478
287475
287472
287469
287428
287425
286983
286980
286977
286976
286974
286973
286971
286970
286968
286967
286965
286964
286962
286961
286959
286958
286956
286955
286953
286952
286950
286949
286947
286946
286944
286943
286941
286938
286937
286684
286683
286682
286681
286680
286679
286678
286677
286674
286668
286665
286662
286659
286656
286653
286652
286650
286649
286647
286646
286645
286644
286642
286641
286635
286367
286366
286365
286364
286147
286146
286145
286143
286142
286141
286140
286139
286138
286137
286136
286135
286134
286133
286132
286131
286130
286129
286128
286127
286126
286125
286124
286123
286122
286121
286120
286119
286118
286117
286116
286114
286113
286111
286110
286109
286108
286107
286106
285770
285769
285768
285767
285766
285470
285469
285468
285467
285466
285465
285464
285463
285462
285461
285460
285459
285458
285457
285456
285455
285454
285453
285452
285451
285450
285449
285448
285447
285446
285445
285341
285340
285339
285338
285337
285336
285335
285334
285333
285332
285247
285246
285245
285244
285243
285242
285241
285240
285239
285238
285237
285236
285235
285234
285233
285232
285231
285230
285229
285087
285086
285085
285084
285083
285082
285081
285080
285079
285078
285077
285076
285075
285074
285073
285072
285071
284664
284663
284662
284661
284660
284659
284658
284657
284656
284655
284654
284653
284652
284651
284470
284469
284468
284467
284466
284465
284464
284463
284462
284461
284460
284459
284458
284457
284456
284455
284454
284453
284192
284191
284190
284189
284188
284187
284186
284185
284184
284183
284182
284181
284180
284179
284178
284177
284176
284175
284174
284173
283967
283966
283965
283964
283963
283962
283961
283960
283583
283582
283581
283580
283579
283578
283577
283576
283575
283574
283573
283572
283571
283570
283569
283568
283567
283566
283372
283371
283370
283369
283368
283367
283366
283365
283364
283363
283362
283361
283360
283359
283358
283357
283356
283355
283354
283353
283352
283351
283152
283151
283150
283149
283148
283147
283146
283145
283144
283143
283142
283141
283140
283139
283138
283137
282900
282899
282898
282897
282896
282895
282894
282893
282892
282891
282890
282889
282888
282887
282886
282574
282573
282572
282571
282570
282569
282568
282567
282566
282565
282564
282563
282562
282561
282560
282559
282558
282557
282556
282555
282185
282184
282183
282182
282181
282180
282179
282178
282177
282176
282175
282174
282118
282117
282116
282115
282114
282113
282112
282111
282110
282109
282108
282107
282106
281815
281814
281813
281812
281811
281810
281809
281808
281807
281806
281805
281804
281803
281802
281801
281800
281799
281798
281797
281796
281795
281794
281793
281792
281791
281790
281496
281495
281494
281493
281492
281491
281490
281396
281395
281394
281393
281392
281391
281390
281389
281388
281387
281386
281385
281384
281383
281382
281165
281164
281163
281162
281161
281160
281159
281158
281157
281156
281155
281076
281075
281074
281073
281072
281071
281070
280768
280767
280766
280765
280764
280763
280762
280761
280760
280759
280758
280757
280756
280755
280657
280656
280652
280651
280650
280399
280398
280397
280396
280395
280394
280393
280392
280391
280390
280389
280269
280268
280267
280266
280265
280264
280263
280262
280261
280260
280259
280258
280257
280256
280027
280026
280025
280024
280023
280022
280021
280020
280019
280018
280017
280016
280015
280014
280013
280012
280011
279896
279895
279894
279893
279892
279891
279890
279889
279888
279887
279886
279885
279884
279883
279882
279481
279480
279479
279478
279477
279476
279475
279474
279473
279346
279345
279344
279343
279342
279341
279340
279339
279338
279337
279336
279335
279334
279333
279332
279331
279330
279329
279328
279327
279326
279325
278919
278918
278917
278916
278915
278914
278913
278912
278911
278910
278909
278908
278820
278819
278818
278817
278816
278815
278814
278813
278812
278811
278810
278809
278808
278807
278517
278516
278515
278514
278513
278512
278511
278510
278509
278508
278507
278506
278505
278504
278503
278502
278501
278500
278499
278498
278497
278393
278392
278391
278390
278389
278388
278387
278386
278385
278384
278383
278382
278381
278380
278117
278116
278115
278114
278113
278112
278111
278110
278109
278108
278079
278078
278077
278076
278075
278074
278073
278072
278071
278070
278069
278068
278067
278066
278065
278064
278063
278062
277437
277436
277435
277434
277433
277432
277431
277430
277429
277428
277427
277426
277425
277424
277423
277422
277421
277346
277345
277344
277343
277342
277341
277340
277339
277338
277337
277336
277335
277334
277333
277026
277025
277024
277023
277022
277021
277020
277019
277018
277017
277016
277015
277014
277013
276949
276948
276947
276946
276945
276944
276943
276942
276941
276940
276939
276938
276686
276685
276684
276683
276682
276681
276680
276679
276678
276677
276676
276624
276623
276622
276621
276620
276619
276618
276617
276616
276534
276533
276532
276531
276222
276221
276143
276142
276141
276140
276139
276138
276137
276136
276135
275757
275756
275755
275751
275750
275749
275657
275656
275655
275654
275653
275652
275526
275525
275524
275523
275522
275521
275520
275519
275518
275517
275516
275275
275274
275273
275272
275271
275270
275269
275268
275267
275266
275265
275264
275263
275262
275261
275174
275173
275172
275171
275170
275169
275168
275167
274919
274918
274917
274916
274915
274914
274913
274912
274911
274910
274418
274417
274416
274415
274414
274413
274412
274411
274410
274409
274408
274407
274406
274405
274404
274403
274402
274401
274400
274399
274398
274397
274396
274160
274159
274158
274157
274156
274155
274154
274153
274152
274151
274150
274149
274109
274108
274107
274106
274105
274104
274103
274102
274101
274100
274099
274098
274097
274096
274050
274049
274048
274047
274046
274045
274044
274043
274042
274041
274040
274039
274038
273824
273823
273822
273821
273820
273819
273818
273817
273816
273767
273766
273765
273764
273763
273762
273761
273541
273540
273539
273538
273537
273536
273535
273534
273533
273532
273531
273530
273529
273528
273527
273487
273486
273485
273484
273483
273482
273481
273480
273479
273478
273477
273476
273475
273474
273473
273472
273471
273103
273102
273101
273100
273099
273098
273097
273096
273095
273094
273093
273092
273091
273090
273089
273029
273028
273027
273026
273025
273024
273023
273022
273021
273020
273019
273018
273017
273016
273015
273014
273013
273012
273011
273010
272904
272902
272901
272900
272899
272898
272897
272841
272840
272839
272624
272623
272622
272621
272620
272619
272476
272475
272474
272473
272472
272470
272469
272080
272079
272078
272077
272076
272075
272074
272073
272072
272071
272070
272069
272068
272067
272066
272065
272064
272063
272062
271752
271751
271750
271749
271748
271747
271746
271745
271744
271743
271742
271741
271737
271736
271735
271734
271733
271732
271731
271730
271729
271728
271727
271726
271725
271724
271723
271722
271721
271720
271719
271718
271717
271716
271715
271714
271713
271712
271711
271710
271709
271708
271707
271706
271705
271704
271703
271175
271174
271173
271172
271171
271170
271169
271168
271167
271166
271165
271164
271163
271162
271161
271160
271159
271158
271157
271156
271155
271154
271153
271152
271151
271150
271149
271148
271147
271146
271145
271144
271143
271142
271141
271140
271139
271138
271137
271136
271135
271134
271133
271132
271131
271130
271129
271128
271127
271126
270983
270982
270981
270980
270979
270978
270977
270976
270975
270974
270973
270972
270971
270970
270933
270932
270931
270930
270929
270928
270926
270925
270924
270920
270695
270694
270693
270692
270691
270690
270689
270688
270498
270497
270496
270495
270494
270493
270492
270491
270490
270489
270488
270487
270486
270485
270484
270063
270062
270061
270057
270056
270055
270054
270053
270052
270051
270003
270002
270001
270000
269999
269998
269997
269996
269995
269994
269993
269992
269991
269990
269989
269988
269987
269986
269985
269984
269983
269982
269981
269980
269979
269978
269977
269976
269975
269402
269401
269400
269399
269398
269397
269396
269395
269394
269393
269392
269391
269390
269359
269358
269357
269356
269355
269354
269353
269352
269351
269350
269215
269214
269213
269212
269211
269210
269209
269208
269207
269206
269205
269204
269203
269202
269201
269200
269199
269198
269197
269196
269195
269194
269193
268837
268836
268835
268834
268833
268832
268821
268820
268819
268818
268817
268816
268815
268814
268813
268812
268811
268810
268809
268808
268807
268806
268805
268804
267480
267479
267478
267477
267476
267440
267439
267438
267437
267436
267392
267391
267390
267389
267388
267387
267386
267385
267384
267383
267332
267331
267330
267329
267327
267326
267325
267323
266420
266419
266418
266417
266416
266415
266414
266413
266390
266389
266353
266352
266351
266350
266349
266348
266347
266346
266345
266344
266303
266302
266301
266300
266299
266298
266297
266296
266295
266294
266283
266282
266281
266280
266279
266278
266277
266276
266275
266274
266203
266202
266201
266200
266199
266198
266197
266196
266195
266194
266193
266192
266187
266186
266185
266184
266105
266104
266103
266102
266100
266099
266098
266097
266096
265340
265339
265338
265337
265336
265317
265316
265315
265314
265313
265312
265311
265310
265309
265308
265245
265244
265243
265242
265241
265240
265239
265238
265237
265236
265149
265148
265147
265146
265145
265144
265143
265142
265141
265140
264284
264283
264282
264281
264280
264259
264258
264257
264256
264255
264128
264127
264086
264085
264084
264083
264082
264081
263373
263372
263371
263370
263369
263304
263303
263302
263301
263300
263299
263298
263297
263296
263295
263190
263189
263188
263187
263186
263185
263184
263183
263182
263181
263070
263068
263065
263063
263061
263059
263057
263055
263053
263051
262376
262375
262374
262373
262314
262313
262312
262311
262310
262309
262307
262306
262305
262202
262201
262200
262199
262198
262197
262196
262195
262194
262193
262070
262069
262068
262067
262066
262065
262064
262063
262062
262061
261589
261588
261587
261586
261585
261584
261583
261582
261581
261580
261511
261510
261509
261508
261507
261506
261505
261504
261503
261502
261501
261500
261499
261498
261497
261496
261495
261494
261493
261492
261392
261391
261390
261389
261388
261387
261386
261385
261384
261383
261382
261381
261380
261379
261378
261377
261376
261375
261374
261373
261256
261255
261254
261253
261252
261251
261250
261249
261248
261247
261246
261245
261244
261243
261242
261241
261240
261239
261238
261237
260623
260622
260621
260620
260619
260592
260591
260590
260589
260588
260568
260567
260566
260565
260564
260563
260562
260561
260560
260559
260498
260497
260496
260495
260494
260493
260492
260491
260490
260489
260448
260447
260446
260445
260444
260443
260442
260441
260440
260439
260368
260367
260366
260365
260364
260363
260362
260361
260360
260359
260314
260313
260312
260311
260310
260309
260308
260307
260306
260305
260244
260243
260242
260241
260240
260239
260238
260237
260236
260235
259597
259596
259595
259594
259593
259558
259557
259556
259555
259554
259553
259552
259551
259550
259549
259474
259473
259472
259471
259470
259469
259468
259467
259466
259465
259438
259436
259434
259354
259353
259352
259351
259350
259349
259348
259347
259346
259345
259309
259308
259307
259306
259305
259304
259303
259302
259301
259300
258853
258852
258851
258850
258849
258774
258773
258772
258771
258770
258769
258768
258767
258766
258765
258655
258654
258653
258652
258651
258650
258649
258648
258647
258646
258535
258534
258533
258532
258531
258530
258529
258528
258527
258526
258124
258123
258122
258121
258120
258079
258078
258077
258076
258075
258074
258073
258072
258071
258070
257975
257974
257973
257524
257523
257522
257520
257494
257493
257482
257481
257480
257479
257478
257477
257476
257475
257474
257473
257407
257406
257405
257404
257403
257402
257401
257400
257399
257398
257379
257377
257376
257374
257372
257370
257369
257367
257365
257364
257293
257292
257291
257290
257289
257288
257287
257286
257285
257284
257228
257227
257226
257225
257224
257223
257222
257221
257220
257219
257148
257147
257146
257145
257144
257143
257142
257141
257140
257139
256819
256818
256817
256816
256815
256780
256779
256778
256777
256776
256775
256774
256773
256772
256771
256714
256713
256692
256691
256690
256689
256688
256687
256686
256685
256684
256683
256612
256611
256610
256609
256608
256607
256606
256605
256604
256603
256582
256581
256580
256579
256578
256577
256576
256575
256574
256573
256515
256514
256513
256512
256511
256510
256509
256508
256507
256506
255939
255938
255937
255936
255935
255874
255873
255872
255871
255870
255869
255868
255812
255772
255767
255766
255725
255724
255723
255722
255721
255720
255719
255718
255717
255716
255693
255692
255691
255690
255689
255688
255687
255686
255685
255684
255272
255271
255270
255269
255268
255206
255205
255204
255203
255202
255201
255200
255199
255198
255197
255166
255165
255164
255163
255162
255111
255110
255109
255108
255107
255106
255105
255104
255103
255102
255059
255058
255057
255056
255055
255054
255053
255052
255051
255050
254999
254998
254997
254996
254995
254994
254993
254992
254991
254990
254949
254947
254945
254943
254941
254939
254937
254935
254933
254931
254405
254404
254403
254402
254401
254376
254375
254374
254373
254372
254371
254370
254369
254368
254367
254321
254320
254319
254318
254317
254316
254315
254314
254313
254312
254281
254280
254279
254277
254276
254275
254274
254273
254272
253911
253910
253909
253908
253907
253828
253827
253826
253825
253824
253823
253822
253821
253820
253819
253718
253717
253716
253715
253714
253713
253712
253711
253710
253709
253609
253608
253606
253604
253602
253600
253598
253596
253594
253592
253078
253077
253076
253075
253074
253023
253022
253021
253020
253019
253018
253017
253016
253015
253014
252978
252977
252976
252975
252974
252973
252972
252971
252970
252969
252928
252927
252653
252652
252651
252650
252649
252562
252561
252560
252559
252558
252557
252556
252555
252554
252553
252480
252478
252476
252475
252473
252471
252469
252467
252465
252464
252398
252397
252396
252395
252394
252393
252392
252391
252390
252389
252103
252102
252101
252100
252099
252098
252097
252066
252065
252064
252063
252062
252061
252060
252059
252058
252057
252019
252018
252017
252016
252015
252014
252013
252012
252011
252010
251969
251968
251967
251966
251965
251964
251963
251962
251961
251960
251817
251816
251815
251814
251813
251802
251801
251800
251799
251798
251797
251796
251795
251794
251793
251776
251775
251774
251772
251771
251770
251769
251768
251767
251746
251745
251744
251743
251742
251741
251740
251739
251738
251737
251162
251161
251160
251159
251158
251061
251058
251057
251055
251052
251050
251048
251046
251044
251043
250975
250973
250971
250969
250967
250966
250965
250964
250962
250871
250870
250869
250868
250867
250866
250865
250864
250863
250862
250639
250638
250637
250636
250575
250574
250573
250572
250571
250570
250569
250568
250567
250566
250519
250518
250517
250516
250515
250486
250485
250484
250483
250482
250481
250480
250479
250478
250477
250444
250443
250442
250441
250440
250439
250438
250437
250436
250435
250386
250384
250383
250382
250381
250380
250379
250378
250376
250374
250325
250324
250323
250322
250321
250320
250319
250318
250317
250316
250265
250264
250263
250262
250261
250260
250259
250258
250257
250256
249880
249878
249876
249875
249874
249808
249807
249806
249805
249804
249803
249802
249801
249800
249799
249728
249727
249726
249725
249724
249723
249722
249721
249720
249719
249640
249639
249638
249637
249636
249635
249634
249633
249632
249631
249580
249579
249578
249527
249526
249525
249524
249523
249522
249521
249520
249519
249517
249037
249036
249035
249034
249033
248982
248981
248980
248979
248978
248977
248976
248975
248974
248973
248917
248916
248915
248914
248913
248912
248911
248910
248909
248908
248883
248882
248881
248880
248879
248878
248877
248876
248875
248874
248819
248818
248817
248763
248762
248761
248760
248759
248758
248757
248756
248755
248754
248553
248552
248551
248550
248549
248531
248530
248529
248528
248527
248526
248525
248524
248523
248522
248475
248474
248473
248472
248471
248470
248469
248468
248467
248466
248415
248414
248413
248412
248411
248410
248409
248408
248407
248406
247962
247961
247960
247959
247958
247907
247906
247905
247904
247903
247902
247901
247900
247899
247898
247842
247841
247840
247839
