333919
333918
333917
333916
333915
333914
333913
333912
333911
333910
333909
333908
333907
333906
333905
333904
333903
333902
333901
333900
333899
333898
333897
333896
333895
333894
333771
333770
333769
333768
333767
333766
333765
333764
333763
333762
333761
333760
333759
333758
333757
333756
333755
333754
333753
333752
333751
333553
333552
333551
333550
333549
333548
333547
333546
333545
333544
333543
333542
333541
333540
333539
333538
333537
333536
333368
333367
333366
333365
333364
333363
333362
333361
333360
333359
333358
333357
333356
333355
333354
333353
333352
333351
333350
333349
333348
333347
333346
333345
333344
333343
333342
333341
333340
333339
333338
333337
333171
333170
333169
333168
333167
333166
333165
333164
333163
333162
333161
333160
333159
333158
333157
333156
333155
333154
333153
333152
333151
333150
333149
333148
333147
333146
333145
333144
333143
333142
333141
333140
333139
333138
333137
333136
333135
333134
333133
333132
333131
333130
333129
333128
333127
333126
333125
333124
333123
333122
332934
332933
332932
332931
332930
332929
332928
332927
332926
332925
332924
332923
332922
332921
332920
332919
332918
332917
332916
332915
332914
332913
332912
332911
332910
332909
332908
332907
332906
332905
332904
332903
332902
332901
332900
332899
332898
332897
332896
332895
332894
332893
332892
332891
332890
332889
332888
332887
332886
332885
332665
332664
332663
332662
332661
332660
332659
332658
332657
332656
332655
332654
332653
332652
332651
332650
332649
332461
332460
332459
332458
332457
332456
332455
332454
332453
332452
332451
332450
332449
332448
332447
332446
332445
332444
332443
332442
332441
332440
332439
332438
332437
332436
332435
332285
332284
332283
332282
332281
332280
332279
332278
332277
332276
332275
332274
332273
332272
332271
332270
332269
332268
332267
332266
332265
332264
332263
332262
332261
332260
332259
332258
332257
332256
332255
332254
332253
332252
332251
332250
332249
332248
332247
332246
332245
332244
332243
332242
332241
332240
332239
332238
332237
332236
332102
332101
332100
332099
332098
332097
332096
332095
332094
332093
332092
332091
332090
332089
332088
332087
332086
332085
332084
332083
332082
332081
332080
332079
332078
332077
332076
332075
332074
332073
332072
332071
332070
332069
332068
332067
332066
332065
332064
332063
332062
332061
332060
332059
332058
332057
332056
332055
332054
332053
331878
331877
331876
331875
331874
331873
331872
331871
331870
331869
331868
331867
331866
331865
331864
331863
331862
331861
331860
331859
331858
331857
331856
331622
331621
331620
331619
331618
331617
331616
331615
331614
331613
331612
331611
331610
331609
331608
331607
331606
331605
331604
331603
331602
331601
331600
331599
331598
331597
331596
331595
331594
331593
331592
331591
331590
331589
331588
331587
331586
331585
331584
331395
331394
331393
331392
331391
331390
331389
331388
331387
331386
331385
331384
331383
331382
331381
331380
331379
331378
331377
331376
331375
331374
331373
331372
331371
331370
331369
331368
331367
331366
331365
331364
331363
331362
331361
331360
331359
331358
331357
331356
331355
331354
331353
331352
331351
331350
331349
331348
331347
331346
331193
331192
331191
331190
331189
331188
331187
331186
331185
331184
331183
331182
331181
331180
331179
331178
331177
331176
331175
331174
331173
331172
331171
331170
331169
331168
331167
331166
331165
331164
331163
331162
331161
331160
331159
331158
331157
331156
331155
330988
330987
330986
330985
330984
330983
330982
330981
330980
330979
330978
330977
330976
330975
330974
330973
330972
330971
330970
330969
330968
330967
330966
330965
330964
330963
330962
330961
330960
330959
330958
330957
330956
330955
330954
330953
330789
330788
330787
330786
330785
330784
330783
330782
330781
330780
330779
330778
330777
330776
330775
330774
330773
330772
330771
330770
330769
330768
330767
330766
330765
330764
330763
330623
330622
330621
330620
330619
330618
330617
330616
330615
330614
330613
330612
330611
330610
330609
330608
330406
330405
330404
330403
330402
330401
330400
330399
330398
330397
330396
330395
330394
330393
330392
330391
330390
330389
330388
330387
330386
330385
330384
330383
330382
330381
330380
330379
330378
330377
330376
330375
330374
330373
330204
330203
330202
330201
330200
330199
330198
330197
330196
330195
330194
330193
330192
330191
330190
330189
330188
330187
330186
330185
330184
330183
330182
330181
330180
330179
330178
330177
330176
330175
330174
330173
330172
330171
330170
330169
330168
330167
330166
330165
330164
330163
330162
330161
330160
330159
330158
330157
330156
330155
329960
329959
329958
329957
329956
329955
329954
329953
329952
329951
329950
329949
329948
329947
329946
329945
329944
329943
329942
329941
329940
329939
329938
329937
329936
329935
329934
329933
329932
329931
329930
329929
329928
329927
329926
329925
329924
329923
329922
329921
329920
329919
329918
329917
329916
329915
329914
329913
329912
329911
329733
329732
329731
329730
329729
329728
329727
329726
329725
329724
329723
329722
329721
329720
329719
329718
329717
329716
329715
329714
329713
329712
329711
329710
329709
329708
329707
329706
329705
329704
329703
329702
329701
329700
329699
329698
329697
329696
329695
329694
329693
329692
329691
329690
329689
329688
329687
329686
329685
329507
329506
329505
329504
329503
329502
329501
329500
329499
329498
329497
329496
329495
329494
329493
329492
329491
329490
329489
329488
329487
329486
329485
329484
329483
329482
329481
329480
329479
329478
329477
329476
329475
329474
329473
329472
329471
329470
329469
329468
329467
329466
329465
329287
329286
329285
329284
329283
329282
329281
329280
329279
329278
329277
329276
329275
329274
329273
329272
329271
329270
329269
329268
329267
329266
329265
329264
329263
329262
329261
329260
329259
329258
329257
329256
329255
329254
329253
329252
329251
329250
329249
329248
329247
329246
329245
329244
329243
329242
329241
329240
329239
329238
329044
329043
329042
329041
329040
329039
329038
329037
329036
329035
329034
329033
329032
329031
329030
329029
329028
329027
329026
329025
329024
329023
329022
329021
329020
329019
329018
329017
329016
329015
329014
329013
329012
329011
329010
329009
329008
329007
329006
329005
329004
329003
329002
329001
329000
328999
328998
328997
328996
328995
328803
328802
328801
328800
328799
328798
328797
328796
328795
328794
328793
328792
328772
328771
328770
328769
328768
328767
328766
328765
328764
328763
328762
328761
328760
328759
328758
328757
328756
328755
328754
328564
328563
328562
328561
328560
328559
328558
328557
328556
328555
328554
328553
328552
328551
328550
328549
328548
328547
328546
328545
328544
328543
328542
328541
328540
328539
328538
328537
328536
328535
328534
328533
328532
328531
328530
328529
328528
328527
328526
328525
328524
328523
328522
328521
328520
328519
328518
328517
328516
328515
328319
328318
328317
328316
328315
328314
328313
328312
328311
328310
328309
328308
328307
328306
328305
328304
328303
328302
328301
328300
328299
328298
328297
328296
328295
328294
328293
328292
328291
328290
328289
328288
328287
328286
328285
328284
328283
328282
328281
328280
328279
328278
328277
328276
328275
328274
328273
328272
328271
328270
328138
328137
328136
328135
328134
328133
328132
328131
328130
328129
328128
328127
328126
328125
328124
328123
328122
328121
328120
328119
328118
328117
328116
328115
328114
328113
328112
328111
328110
328109
328108
328107
328106
328105
328104
328103
328102
327878
327877
327876
327875
327874
327873
327872
327871
327870
327869
327868
327867
327866
327865
327864
327863
327862
327861
327860
327859
327858
327857
327856
327855
327854
327853
327852
327851
327850
327849
327848
327847
327846
327845
327844
327843
327842
327841
327840
327839
327838
327837
327836
327835
327834
327833
327832
327831
327830
327829
327828
327827
327826
327825
327631
327630
327629
327628
327627
327626
327625
327624
327623
327622
327621
327620
327619
327618
327617
327616
327615
327614
327613
327612
327611
327610
327609
327608
327607
327606
327605
327604
327603
327602
327601
327367
327366
327365
327364
327363
327362
327361
327360
327359
327358
327357
327356
327355
327354
327353
327352
327351
327350
327349
327348
327347
327346
327345
327344
327343
327342
327341
327340
327339
327338
327337
327336
327335
327334
327333
327332
327331
327330
327329
327328
327327
327326
327325
327324
327323
327322
327321
327320
327319
327318
327317
327316
327315
327314
327313
327090
327089
327088
327087
327086
327085
327084
327083
327082
327081
327080
327079
327078
327077
327076
327075
327074
327073
327072
327071
327070
327069
327068
327067
327066
327065
327064
327063
327062
327061
327060
327059
327058
327057
327056
327055
327054
327053
327052
327051
327050
327049
327048
327047
327046
327045
327044
327043
327042
327041
327040
327039
327038
327037
327036
327035
326821
326820
326819
326818
326817
326816
326815
326814
326813
326812
326811
326810
326809
326808
326807
326806
326805
326804
326803
326802
326801
326800
326799
326798
326797
326796
326795
326794
326793
326792
326791
326790
326789
326788
326787
326786
326785
326784
326783
326782
326781
326780
326779
326778
326777
326776
326775
326774
326773
326772
326771
326770
326769
326768
326573
326572
326571
326570
326569
326568
326567
326566
326565
326556
326555
326554
326553
326552
326551
326550
326549
326548
326371
326370
326369
326368
326367
326366
326365
326364
326363
326362
326361
326360
326359
326358
326357
326356
326355
326354
326353
326352
326351
326350
326349
326348
326347
326346
326345
326344
326343
326342
326341
326340
326339
326338
326337
326336
326335
326334
326333
326332
326331
326330
326329
326328
326327
326326
326325
326324
326323
326322
326155
326154
326153
326152
326151
326150
326149
326148
326147
326146
326145
326144
326143
326142
326141
326140
326139
326138
326137
326136
326135
326134
326133
326132
326131
326130
326129
326128
326127
326126
326125
326124
326123
326122
326121
326120
326119
326118
326117
326116
326115
326114
326113
326112
326111
326110
326109
326108
326107
326106
325929
325928
325927
325926
325925
325924
325923
325922
325921
325920
325919
325918
325917
325916
325915
325914
325913
325912
325911
325910
325909
325908
325907
325906
325905
325904
325903
325902
325901
325900
325899
325898
325897
325896
325895
325894
325893
325892
325891
325890
325889
325888
325887
325886
325885
325884
325883
325882
325881
325880
325700
325699
325698
325697
325696
325695
325694
325693
325692
325691
325690
325689
325688
325687
325686
325685
325684
325683
325682
325681
325680
325679
325678
325677
325676
325675
325674
325673
325672
325671
325670
325669
325668
325667
325666
325665
325664
325663
325662
325661
325660
325659
325658
325657
325656
325655
325654
325653
325652
325651
325479
325478
325477
325476
325475
325474
325473
325472
325471
325470
325469
325468
325467
325466
325465
325464
325463
325462
325461
325460
325459
325458
325457
325456
325455
325454
325453
325452
325451
325450
325449
325448
325447
325446
325445
325444
325443
325442
325441
325440
325439
325438
325437
325436
325435
325434
325433
325432
325431
325430
325198
325197
325196
325195
325194
325193
325192
325191
325190
325189
325188
325187
325186
325185
325184
325183
325182
325181
325180
325179
325178
325177
325176
325175
325174
325173
325172
325171
325170
325169
325168
325167
325166
325165
325164
325163
325162
325161
325160
325159
325158
325157
325156
325155
325154
325153
325152
325151
325150
325149
324965
324964
324963
324962
324961
324960
324959
324958
324957
324956
324955
324954
324953
324952
324951
324950
324949
324948
324947
324946
324945
324944
324943
324942
324941
324940
324939
324938
324937
324936
324935
324934
324933
324932
324931
324930
324929
324928
324927
324926
324925
324924
324923
324922
324921
324920
324919
324918
324917
324916
324675
324674
324673
324672
324671
324670
324669
324668
324667
324666
324665
324664
324663
324662
324661
324660
324659
324658
324429
324428
324427
324426
324425
324424
324423
324422
324421
324420
324419
324418
324417
324416
324415
324414
324413
324412
324411
324410
324409
324408
324407
324406
324405
324404
324210
324209
324208
324207
324206
324205
324204
324203
324202
324201
324200
324199
324198
324197
324196
324195
324194
324193
324192
324191
324190
324189
324188
324187
324186
324185
324184
324183
324182
324181
324180
324179
324178
324177
324176
324175
324174
324173
324172
324171
324170
324169
324168
324167
324166
324165
324164
324163
324162
324161
323935
323934
323933
323932
323931
323930
323929
323928
323927
323926
323925
323924
323923
323922
323921
323920
323919
323918
323917
323916
323915
323914
323698
323697
323696
323695
323694
323693
323692
323691
323690
323689
323688
323687
323686
323685
323684
323683
323682
323681
323680
323679
323678
323677
323676
323675
323674
323673
323672
323671
323670
323669
323668
323667
323666
323665
323664
323663
323662
323661
323660
323659
323658
323657
323656
323655
323654
323653
323652
323651
323650
323649
323454
323453
323452
323451
323450
323449
323448
323447
323446
323445
323444
323443
323442
323441
323440
323439
323438
323437
323436
323435
323434
323433
323432
323431
323430
323429
323428
323427
323426
323425
323424
323423
323422
323421
323420
323419
323418
323417
323416
323415
323414
323226
323225
323224
323223
323222
323221
323220
323219
323218
323217
323216
323215
323214
323213
323212
323211
323210
323209
323208
323207
323206
323205
322994
322993
322992
322991
322990
322989
322988
322987
322986
322985
322984
322983
322982
322981
322980
322979
322978
322977
322976
322975
322974
322973
322477
322476
322475
322474
322473
322472
322471
322470
322469
322468
322467
322466
322465
322464
322463
322462
322461
322460
322459
322458
322457
322456
322455
322454
322453
322452
322451
322450
322248
322247
322246
322245
322244
322243
322242
322241
322240
322239
322238
322237
322236
322235
322234
322233
322232
322231
322230
322229
322228
322227
322226
322225
322224
322223
322222
322221
322220
322219
322218
322217
322216
322215
322214
322213
322212
322211
322210
322209
322208
322207
322206
322205
322204
322203
322202
322201
322200
322199
321984
321983
321982
321981
321980
321979
321978
321977
321976
321975
321974
321973
321972
321971
321970
321969
321968
321967
321966
321965
321964
321963
321962
321961
321960
321959
321958
321957
321956
321955
321954
321953
321952
321951
321950
321873
321872
321871
321870
321869
321868
321867
321866
321865
321864
321863
321862
321861
321860
321859
321529
321528
321527
321526
321525
321524
321523
321522
321521
321520
321519
321518
321517
321516
321515
321514
321513
321512
321511
321510
321509
321508
321507
321506
321505
321504
321503
321502
321501
321500
321499
321498
321497
321272
321271
321270
321269
321268
321267
321266
321265
321264
321263
321262
321261
321260
321259
321258
321257
321256
321255
321254
321253
321252
321251
321250
321249
321248
321247
321246
321245
321244
321243
321242
321241
321240
321239
321238
321237
321236
321021
321020
321019
321018
321017
321016
321015
321014
321013
321012
321011
321010
321009
321008
321007
321006
321005
321004
321003
321002
321001
321000
320999
320998
320997
320996
320995
320994
320993
320992
320991
320990
320989
320988
320987
320986
320985
320984
320983
320982
320981
320980
320979
320978
320977
320976
320975
320974
320973
320972
320755
320754
320753
320752
320751
320750
320749
320748
320747
320746
320745
320744
320743
320742
320741
320740
320739
320738
320737
320736
320735
320734
320733
320732
320731
320730
320729
320728
320727
320726
320525
320524
320523
320522
320521
320520
320519
320518
320517
320516
320515
320514
320513
320512
320511
320510
320509
320508
320507
320506
320505
320504
320503
320502
320501
320500
320499
320498
320497
320496
320495
320494
320493
320492
320491
320490
320489
320488
320487
320486
320485
320484
320483
320482
320481
320480
320479
320478
320477
320476
320226
320225
320224
320223
320222
320221
320220
320219
320218
320217
320216
320215
320214
320213
320212
320211
320210
320209
320208
320207
320206
320205
320204
320203
320202
320201
320200
320199
320198
320197
320196
320195
320194
320193
320192
319969
319968
319967
319966
319965
319964
319963
319962
319961
319960
319959
319958
319957
319956
319955
319954
319953
319952
319951
319950
319949
319867
319866
319865
319864
319863
319862
319861
319860
319859
319858
319857
319856
319855
319854
319853
319852
319851
319850
319849
319848
319847
319846
319845
319844
319843
319842
319841
319840
319839
319838
319837
319836
319835
319834
319833
319832
319831
319830
319829
319828
319827
319826
319825
319824
319823
319822
319821
319820
319819
319818
319498
319497
319496
319495
319494
319493
319492
319491
319490
319489
319488
319285
319284
319283
319282
319281
319280
319279
319278
319277
319276
319275
319274
319273
319272
319271
319270
319269
319049
319048
319047
319046
319045
319044
319043
319042
319041
319040
319039
319038
319037
319036
319035
319034
319033
319032
319031
319030
319029
319028
318802
318801
318800
318799
318798
318797
318796
318795
318794
318793
318792
318791
318790
318789
318788
318787
318786
318785
318784
318783
318782
318781
318780
318779
318778
318777
318776
318775
318774
318773
318772
318558
318557
318556
318555
318554
318553
318552
318551
318550
318549
318548
318547
318546
318545
318544
318543
318542
318541
318540
318330
318329
318328
318327
318326
318325
318324
318323
318322
318321
318320
318319
318318
318317
318316
318315
318314
318313
318312
318311
318310
318309
318308
318307
318306
318305
318304
318303
318302
318301
318300
318299
318298
318086
318085
318084
318083
318082
318081
318080
318079
318078
318077
318076
318075
318074
318073
318072
318071
318070
317842
317841
317840
317839
317838
317837
317836
317835
317834
317833
317832
317831
317830
317829
317828
317827
317826
317825
317824
317823
317822
317622
317621
317620
317619
317618
317617
317616
317615
317614
317613
317612
317611
317610
317609
317608
317607
317606
317605
317604
317603
317602
317601
317600
317599
317598
317597
317596
317595
317594
317347
317346
317345
317344
317343
317342
317341
317340
317339
317338
317337
317336
317335
317334
317333
317332
317331
317330
317329
317328
317327
317326
317325
317324
317323
317093
317092
317091
317090
317089
317088
317087
317086
317085
317084
317083
317082
317081
317080
317079
317078
317077
317076
317075
317074
317073
317072
317071
317070
317069
316800
316799
316798
316797
316796
316795
316794
316793
316792
316791
316790
316789
316788
316787
316786
316785
316784
316783
316782
316781
316780
316779
316778
316777
316776
316775
316774
316773
316772
316771
316770
316769
316768
316767
316766
316765
316764
316763
316762
316761
316760
316759
316758
316757
316756
316755
316754
316753
316752
316751
316479
316478
316477
316476
316475
316474
316473
316472
316471
316470
316469
316468
316467
316466
316465
316464
316463
316462
316461
316158
316157
316156
316155
316154
316153
316152
316151
316150
316149
316148
316147
316146
316145
316144
316143
316142
316141
316140
316139
316138
316137
316136
316135
316134
316133
316132
316131
316130
316129
316128
315905
315904
315903
315902
315901
315900
315899
315898
315897
315896
315895
315894
315893
315892
315891
315890
315889
315888
315887
315886
315885
315884
315883
315882
315602
315601
315600
315599
315598
315597
315596
315595
315594
315593
315592
315591
315590
315589
315588
315587
315586
315585
315584
315583
315582
315581
315580
315579
315578
315577
315277
315276
315275
315274
315273
315272
315271
315270
315269
315268
315267
315266
315265
315264
315263
315262
315261
315260
315259
315258
315257
315256
315255
315254
315253
315252
315251
315250
315249
315248
315247
315246
315068
315067
315066
315065
315064
315063
315062
315061
315060
315059
315058
315057
315056
315055
315054
315053
315052
315051
315050
315049
315048
315047
315046
315045
315044
315043
315042
315041
315040
315039
315038
315037
315036
315035
315034
315033
315032
315031
315030
315029
315028
315027
315026
315025
315024
315023
315022
315021
315020
315019
314718
314717
314716
314715
314714
314713
314712
314711
314710
314709
314708
314707
314706
314705
314704
314703
314702
314701
314700
314699
314698
314697
314696
314695
314694
314693
314692
314691
314690
314689
314688
314687
314686
314685
314684
314683
314682
314681
314680
314679
314678
314677
314676
314675
314674
314673
314672
314671
314670
314669
314402
314401
314400
314399
314398
314397
314396
314395
314394
314393
314392
314391
314390
314389
314388
314387
314386
314385
314384
314383
314382
314381
314380
314379
314378
314377
314133
314132
314131
314130
314129
314128
314127
314126
314125
314124
314123
314122
314121
314120
314119
314118
314117
314116
314115
314114
314113
314112
314111
314110
313852
313851
313850
313849
313848
313847
313846
313845
313844
313843
313842
313841
313840
313839
313838
313837
313836
313835
313834
313833
313832
313831
313830
313829
313828
313827
313826
313825
313824
313823
313822
313821
313820
313819
313818
313817
313816
313815
313814
313813
313812
313811
313810
313809
313808
313807
313806
313805
313804
313803
313238
313237
313236
313235
313234
313233
313232
313231
313230
313229
313228
313227
313226
313225
313224
313223
313222
313221
313220
313219
313218
313217
313216
313215
313214
313213
313212
313211
313210
313209
313208
313207
313206
313205
313204
313203
313202
313201
313200
313199
313198
313197
313196
313195
313194
313193
313192
313191
313190
313189
312924
312923
312922
312921
312920
312919
312918
312917
312916
312915
312914
312913
312912
312911
312910
312909
312908
312907
312906
312905
312904
312903
312902
312901
312900
312899
312898
312897
312896
312895
312894
312893
312892
312891
312890
312889
312888
312887
312886
312885
312884
312883
312882
312881
312880
312879
312878
312877
312876
312875
312693
312692
312691
312690
312689
312688
312687
312686
312685
312684
312683
312682
312681
312680
312679
312678
312677
312676
312675
312674
312673
312672
312671
312670
312669
312668
312667
312666
312665
312664
312663
312662
312661
312660
312659
312658
312657
312656
312655
312654
312653
312652
312651
312650
312649
312648
312647
312646
312645
312644
312476
312475
312474
312473
312472
312471
312470
312469
312468
312467
312466
312465
312464
312463
312462
312461
312460
312459
312458
312457
312456
312455
312454
312453
312452
312451
312450
312449
312448
312447
312446
312235
312234
312233
312232
312231
312230
312229
312228
312227
312226
312225
312224
312223
312222
312221
312220
312219
312218
312217
312216
312215
312214
312213
312212
312211
312210
312209
312208
312207
312206
312205
312204
312203
312202
312201
312200
312199
312198
311994
311993
311992
311991
311990
311989
311988
311987
311986
311985
311984
311983
311982
311981
311980
311979
311978
311977
311976
311975
311974
311973
311972
311971
311970
311969
311968
311967
311966
311965
311964
311963
311962
311961
311960
311959
311958
311957
311956
311955
311954
311953
311952
311951
311950
311949
311948
311947
311946
311945
311791
311790
311789
311788
311787
311786
311785
311784
311783
311782
311781
311780
311779
311778
311777
311776
311775
311774
311773
311772
311771
311770
311769
311768
311767
311766
311765
311764
311763
311762
311761
311571
311570
311569
311568
311567
311566
311565
311564
311563
311562
311561
311560
311559
311558
311557
311556
311555
311554
311553
311552
311551
311550
311549
311548
311547
311546
311545
311544
311543
311542
311541
311540
311539
311538
311537
311536
311535
311534
311533
311532
311531
311530
311529
311528
311527
311526
311525
311524
311523
311522
311346
311345
311344
311343
311342
311341
311340
311339
311338
311337
311336
311335
311334
311333
311332
311331
311330
311329
311328
311327
311326
311325
311324
311323
311322
311218
311217
311216
311215
311214
311213
311212
311211
311210
311209
311208
311207
311206
311205
311204
311203
311202
311201
311200
311199
311198
311197
311196
311195
311194
310911
310910
310909
310908
310907
310906
310905
310904
310903
310902
310901
310900
310899
310898
310897
310896
310895
310894
310893
310892
310891
310890
310889
310888
310887
310886
310885
310884
310883
310882
310881
310701
310700
310699
310698
310697
310696
310695
310694
310693
310692
310691
310690
310689
310688
310687
310686
310685
310684
310683
310682
310681
310680
310679
310678
310677
310676
310675
310674
310673
310672
310671
310670
310669
310668
310667
310666
310500
310499
310498
310497
310496
310495
310494
310493
310492
310491
310490
310489
310488
310487
310486
310485
310484
310483
310482
310481
310480
310479
310478
310295
310294
310293
310292
310291
310290
310289
310288
310287
310286
310285
310284
310283
310282
310281
310280
310279
310278
310277
310276
310275
310274
310273
310272
310271
310270
310269
310268
310267
310266
310265
310264
310263
310262
310261
310260
310259
309997
309996
309995
309994
309993
309992
309991
309990
309989
309988
309987
309986
309985
309984
309983
309982
309981
309980
309979
309978
309977
309976
309975
309974
309973
309972
309971
309970
309969
309968
309763
309762
309761
309760
309759
309758
309757
309756
309755
309754
309753
309752
309751
309750
309749
309748
309747
309746
309745
309744
309743
309742
309741
309740
309739
309738
309737
309736
309735
309734
309733
309732
309501
309500
309499
309498
309497
309496
309495
309494
309493
309492
309491
309490
309489
309488
309487
309486
309485
309484
309483
309259
309258
309257
309256
309255
309254
309253
309252
309251
309250
309249
309248
309247
309246
309245
309244
309243
309242
309241
309240
309239
309238
309237
309236
309235
309234
309233
309232
309231
309230
309229
309228
309227
309226
309225
309224
309055
309054
309053
309052
309051
309050
309049
309048
309047
309046
309045
309044
309043
309042
309041
308792
308791
308790
308789
308788
308787
308786
308785
308784
308783
308782
308781
308780
308779
308778
308777
308556
308555
308554
308553
308552
308551
308550
308549
308548
308547
308546
308545
308544
308543
308542
308541
308540
308539
308538
308276
308275
308274
308273
308272
308271
308270
308269
308268
308267
308266
308265
308264
308263
308262
308261
308013
308012
308011
308010
308009
308008
308007
308006
308005
308004
308003
308002
308001
308000
307999
307998
307997
307996
307995
307994
307993
307846
307845
307844
307843
307842
307841
307840
307839
307838
307837
307836
307835
307834
307833
307832
307831
307830
307415
307414
307413
307412
307411
307410
307409
307408
307407
307406
307405
307404
307403
307402
307401
307400
307399
307398
307397
307396
307395
307394
307393
307392
307391
307390
307389
307388
307387
307386
307385
307384
307316
307315
307314
307313
307312
307311
307310
307309
307308
307307
307306
307305
307304
307303
307302
307301
307300
307299
307044
307043
307042
307041
307040
307039
307038
307037
307036
307035
307034
307033
307032
307031
307030
307029
307028
307027
307026
307025
307024
307023
307022
307021
307020
307019
307018
307017
307016
307015
307014
306843
306842
306841
306840
306839
306838
306837
306836
306835
306223
306222
306221
306220
306219
306218
306217
306216
306215
306214
306213
306212
306211
306210
306209
306098
306097
306096
306095
306094
306093
306092
306091
306090
306089
306088
306087
306086
306085
305942
305941
305940
305939
305938
305937
305936
305935
305934
305933
305932
305931
305930
305929
305766
305765
305764
305763
305762
305761
305760
305759
305758
305757
305756
305755
305754
305753
305752
305751
305750
305749
305748
305747
305746
305745
305744
305743
305742
305741
305740
305739
305738
305737
305736
305735
305604
305603
305602
305601
305600
305599
305598
305597
305596
305595
305594
305593
305592
305591
305590
305589
305588
305587
305303
305302
305301
305300
305299
305298
305297
305296
305295
305294
305293
305292
305291
305290
305289
305288
305287
305286
305285
305284
305283
305282
305281
305280
305279
305278
305277
305276
305275
305274
305273
305272
305271
305270
305269
305268
305267
305266
305265
305264
305263
305262
305261
305260
305259
305258
305257
305256
305255
305254
305142
305141
305140
305139
305138
305137
305136
305135
305134
305133
305132
305131
305130
305129
305128
305127
304687
304686
304685
304684
304683
304682
304681
304680
304679
304678
304677
304676
304675
304674
304673
304672
304671
304670
304669
304668
304667
304666
304665
304664
304663
304662
304661
304660
304659
304658
304657
304656
304655
304654
304653
304652
304651
304650
304649
304648
304647
304646
304645
304644
304643
304642
304641
304640
304639
304638
303757
303756
303755
303754
303753
303752
303751
303750
303749
303748
303747
303746
303745
303744
303743
303742
303741
303740
303739
303738
303737
303736
303735
303734
303733
303732
303731
303730
303729
303728
303727
303726
303725
303724
303723
303722
303721
303720
303719
303718
303717
303716
303715
303714
303713
303712
303711
303710
303709
303708
303402
303401
303400
303399
303398
303397
303396
303395
303394
303393
303392
303391
303390
303389
303388
303387
303386
303385
303384
303383
303382
303381
303380
303379
303378
303377
303376
303375
303143
303142
303141
303140
303139
303138
303137
303136
303135
303134
303133
303132
303131
303130
303129
303128
303127
303126
303125
303124
303123
303122
303121
303120
303119
302992
302991
302990
302989
302988
302987
302986
302985
302984
302983
302982
302981
302980
302979
302978
302977
302976
302975
302974
302973
302972
302971
302674
302673
302672
302671
302670
302669
302668
302667
302666
302665
302664
302663
302662
302661
302660
302659
302658
302657
302656
302655
302654
302653
302652
302651
302513
302512
302511
302510
302509
302508
302507
302506
302505
302504
302503
302502
302501
302169
302168
302167
302166
302165
302164
302163
302162
302161
302160
302159
302158
302157
302156
302155
302154
302153
302152
302151
302150
302149
302148
302147
302146
302145
302144
302104
302103
302102
302101
302100
302099
302098
302097
302096
302095
302094
302093
302092
302091
302090
301789
301788
301787
301786
301785
301784
301783
301782
301781
301780
301779
301778
301777
301776
301775
301774
301773
301772
301771
301770
301769
301768
301767
301766
301765
301764
301763
301762
301761
301760
301759
301758
301757
301756
301755
301754
301753
301752
301751
301750
301749
301748
301747
301746
301745
301744
301743
301742
301741
301740
301642
301641
301640
301639
301638
301637
301636
301635
301634
301633
301632
301483
301482
301481
301480
301479
301478
301477
301476
301475
301474
301473
301472
301471
301470
301469
301468
301467
301466
301465
301464
301463
301412
301411
301410
301409
301408
301407
301406
301405
301404
301403
301402
301067
301066
301065
301064
301063
301062
301061
301060
301059
301058
301057
301056
301055
301054
301053
301052
301051
301050
301049
301048
301047
301046
301045
301044
301043
301042
301041
301040
301039
300901
300900
300899
300898
300897
300896
300895
300894
300893
300892
300891
300890
300889
300888
300887
300886
300885
300884
300883
300882
300881
300880
300879
300878
300877
300876
300875
300874
300873
300872
300871
300870
300869
300868
300867
300556
300555
300554
300553
300552
300551
300550
300549
300548
300547
300546
300545
300544
300543
300542
300252
300251
300250
300249
300248
300247
300246
300245
300244
300243
300242
300241
300067
300066
300065
300064
300063
300062
300061
300060
300059
300058
300057
300056
300055
300054
300053
300052
300051
299903
299902
299901
299900
299899
299898
299897
299896
299895
299894
299893
299691
299690
299689
299688
299687
299686
299685
299684
299683
299682
299681
299680
299679
299678
299677
299676
299675
299674
299673
299672
299671
299668
299667
299666
299665
299664
299663
299662
299661
299660
299659
299658
299657
299656
299655
299654
299581
299580
299579
299578
299577
299576
299575
299574
299573
299572
299571
299286
299285
299284
299283
299282
299281
299280
299279
299278
299277
299276
299275
299274
299273
299272
299271
299270
299269
298989
298988
298987
298986
298985
298984
298983
298982
298981
298980
298979
298978
298977
298976
298975
298974
298973
298972
298971
298970
298969
298707
298706
298705
298704
298503
298502
298501
298500
298499
298498
298497
298496
298495
298494
298493
298492
298491
298490
298489
298488
298487
298486
298485
298484
298483
298482
298481
298480
298479
298478
298476
298475
298474
298473
298472
298471
298470
298469
298468
298467
297995
297994
297993
297992
297991
297990
297989
297988
297987
297986
297985
297984
297983
297982
297981
297980
297979
297978
297977
297976
297975
297974
297973
297972
297971
297970
297969
297968
297967
297966
297965
297964
297963
297962
297961
297960
297959
297958
297957
297956
297955
297954
297953
297952
297951
297950
297949
297948
297817
297816
297815
297814
297813
297812
297811
297810
297809
297808
297807
297806
297805
297804
297803
297802
297801
297800
297528
297527
297526
297525
297524
297523
297522
297521
297520
297519
297518
297517
297516
297515
297514
297513
297512
297511
297510
297509
297508
297507
297506
297505
297504
297503
297502
297501
297500
297499
297498
297497
297496
297495
297494
297493
297492
297491
297490
297489
297488
297487
297486
297485
297484
297483
297482
297481
297480
297479
297327
297326
297325
297324
297323
297322
297321
297320
297319
297096
297095
297094
297093
297092
297091
297090
297089
297088
297087
297086
297085
297084
297083
297082
297081
297080
297079
297078
297077
297076
297075
297074
297073
297072
297071
297070
297069
297068
297067
297066
297065
297064
297063
297062
297061
297060
297059
296806
296805
296804
296803
296802
296801
296800
296799
296798
296797
296796
296795
296794
296793
296792
296430
296427
296424
296421
296418
296415
296412
296409
296406
296403
296400
296397
296394
296391
296388
296385
296306
296305
296304
296303
296302
296301
296300
296299
296298
296297
296296
296295
296294
296293
296292
296291
296290
296174
296173
296172
296171
296170
296169
296168
296167
296166
296165
296164
296163
296162
296155
296154
296153
295779
295778
295777
295776
295775
295774
295773
295772
295771
295770
295769
295768
295767
295766
295765
295764
295763
295762
295761
295760
295759
295607
295604
295601
295598
295595
295592
295589
295586
295583
295580
295577
295574
295571
295568
295565
295562
295559
295174
295173
295172
295171
295170
295169
295168
295167
295166
295165
295164
295163
295162
295161
295160
295159
295158
294790
294789
294788
294787
294786
294785
294784
294783
294782
294781
294775
294772
294769
294766
294763
294760
294757
294754
294751
294749
294748
294745
294742
294263
294262
294261
294260
294259
294258
294257
294256
294255
294254
294253
294252
294251
294250
294249
294248
294247
294246
294245
294244
294243
294242
294241
294240
294239
294238
294237
294236
294235
294234
294233
294232
294231
294230
294229
294228
294227
294226
294225
294224
294223
294222
294221
294220
294219
294218
294217
294216
294215
294214
294072
294071
294070
294069
294068
293721
293713
293711
293709
293706
293703
293700
293697
293692
293688
293687
293686
293685
293683
293681
293679
293677
293676
293181
293179
293178
293175
293172
293169
293166
293163
293161
293159
293156
293153
293150
293147
293144
293141
293138
293135
293132
292681
292680
292679
292678
292677
292676
292675
292674
292673
292672
292671
292670
292669
292668
292667
292666
292665
292664
292663
292662
292661
292660
292659
292658
292657
292656
292655
292654
292653
292652
292651
292650
292649
292648
292647
292646
292645
292644
292643
292642
292641
292640
292639
292638
292637
292636
292635
292024
292023
292021
292020
292019
292017
292016
292015
292012
292010
292009
292007
292006
292003
292001
291995
291992
291990
291989
291988
291987
291986
291985
291984
291983
291982
291981
291980
291978
291959
291958
291957
291956
291955
291954
291952
291951
291950
291949
291948
291947
291946
291945
291478
291477
291476
291475
291474
291473
291472
291471
291470
291469
291468
291467
291466
291465
291464
291463
291462
291461
291460
291459
291457
291456
291455
291454
291453
291452
291451
291450
291449
291448
291447
291446
291445
291444
291443
291442
291441
291440
291439
291438
291437
291436
291435
291434
291433
291432
291430
291429
291394
291393
291392
291391
291390
291389
291388
291387
291386
291385
291384
291383
291382
291381
291380
291379
291378
291377
291376
290842
290839
290836
290833
290830
290827
290824
290821
290818
290816
290815
290812
290760
290759
290758
290757
290360
290359
290358
290357
290356
290355
290354
290353
290352
290351
290350
290349
290348
290347
290346
290345
290344
290343
290342
290341
290340
290339
290338
290337
290336
290335
290334
290333
290332
289731
289730
289729
289728
289727
289726
289725
289724
289723
289722
289721
289720
289719
289718
289717
289716
289715
289714
289713
289712
289711
289710
289709
289708
289707
289706
289705
289704
289703
289702
289701
289700
289699
289698
289697
289696
289695
289694
289693
289692
289691
289690
289689
289688
289687
289686
289685
289684
289683
289682
289665
289664
289663
289662
289661
289660
289659
289658
289657
289656
289655
289654
289653
289652
289651
289650
289649
289545
289544
289543
289542
289540
289539
289538
289536
289535
289534
289533
289171
289170
289169
289168
289167
289166
289165
289164
289163
289162
289161
289160
289159
288513
288512
288511
288510
288509
288508
288507
288506
288505
288504
288503
288502
288501
288500
288499
288498
288497
288496
288495
288494
288493
288492
288491
288490
288489
288488
288487
288486
288485
288484
288433
288432
288431
288430
288429
288074
288073
288072
288071
288070
288069
288068
288067
288066
288065
288064
288063
288062
288061
288060
288059
288058
288057
288056
288055
288054
288053
288052
288051
288050
288049
288048
288047
288046
288005
288004
288003
288002
288001
288000
287999
287998
287997
287996
287995
287994
287422
287421
287420
287419
287418
287417
287416
287415
287414
287413
287412
287411
287410
287409
287408
287407
287406
287405
287404
287403
287352
287351
287350
287349
287348
287347
287346
287345
287344
287343
287342
287341
287340
287339
287338
287337
286935
286934
286932
286931
286929
286925
286924
286923
286922
286919
286916
286913
286910
286907
286904
286901
286896
286891
286889
286887
286835
286834
286833
286832
286831
286830
286829
286828
286827
286826
286825
286824
286823
286822
286821
286766
286765
286764
286763
286762
286761
286760
286759
286758
286757
286756
286755
286754
286753
286752
286751
286750
286749
286748
286747
286746
286745
286744
286743
286742
286741
286740
286739
286738
286737
286736
286735
286375
286374
286373
286372
286371
286370
286369
286368
286165
286164
286163
286162
286161
286160
286159
286158
286157
286156
286155
286154
286153
286152
286151
286150
286149
286148
285780
285779
285778
285777
285776
285775
285774
285773
285772
285771
285394
285393
285392
285391
285390
285389
285388
285387
285357
285356
285355
285354
285353
285352
285351
285350
285349
285348
285347
285346
285345
285344
285343
285342
285280
285279
285278
285277
285276
285275
285274
285273
285272
285271
285270
285269
285268
285267
285266
285051
285050
285049
285048
285047
285046
285045
285044
285043
285042
285041
285040
285039
285038
285037
285036
284693
284692
284691
284690
284689
284688
284687
284686
284685
284684
284683
284682
284681
284680
284679
284678
284677
284676
284675
284674
284673
284672
284671
284670
284669
284668
284667
284666
284665
284426
284425
284424
284423
284422
284421
284420
284419
284418
284417
284416
284415
284414
284413
284412
284411
284129
284128
284127
284126
284125
284124
284123
284122
284121
284120
284119
284118
284117
284116
284115
284114
284113
284112
283959
283958
283957
283956
283955
283954
283953
283952
283951
283950
283949
283948
283947
283946
283945
283944
283943
283942
283941
283940
283939
283633
283632
283631
283630
283629
283628
283627
283626
283625
283624
283623
283622
283621
283620
283619
283618
283617
283616
283615
283614
283613
283612
283611
283610
283609
283608
283607
283606
283605
283604
283603
283602
283601
283600
283599
283598
283597
283596
283595
283594
283593
283592
283591
283590
283589
283588
283587
283586
283585
283584
283332
283331
283330
283329
283328
283327
283326
283325
283324
283323
283322
283321
283320
283319
283318
283317
283118
283117
283116
283115
283114
283113
283112
283111
283110
283109
283108
283107
283106
283105
283104
283103
283102
283101
283100
283099
283098
283097
283096
283095
283094
283093
283092
283091
283090
283089
283088
283087
283086
283085
283084
283083
283082
283081
282868
282867
282866
282865
282864
282863
282862
282861
282860
282859
282700
282699
282698
282697
282696
282695
282694
282693
282692
282691
282690
282689
282688
282687
282686
282685
282535
282534
282533
282532
282531
282530
282529
282528
282527
282526
282525
282524
282523
282522
282521
282520
282519
282299
282298
282297
282296
282295
282294
282293
282292
282291
282290
282289
282288
282142
282141
282140
282139
282138
282137
282136
282135
282105
282104
282103
282102
281939
281938
281937
281936
281935
281934
281933
281932
281931
281930
281929
281928
281927
281926
281757
281756
281755
281754
281753
281752
281751
281750
281749
281748
281747
281746
281745
281744
281743
281742
281741
281740
281739
281738
281737
281736
281735
281734
281733
281732
281731
281730
281729
281728
281727
281726
281516
281515
281514
281513
281512
281511
281510
281509
281508
281507
281506
281505
281504
281503
281502
281501
281500
281499
281498
281497
281430
281429
281428
281427
281426
281425
281424
281423
281422
281421
281420
281419
281418
281417
281416
281415
281190
281189
281188
281187
281186
281185
281184
281183
281182
281181
281180
281069
281068
281067
281066
281065
281064
281063
281062
281061
281060
280801
280800
280799
280798
280797
280796
280795
280792
280791
280790
280789
280788
280649
280648
280647
280646
280645
280644
280643
280642
280641
280640
280639
280638
280411
280410
280409
280408
280407
280406
280405
280404
280403
280402
280401
280400
280302
280301
280300
280299
280298
280297
280296
280295
280294
280293
280292
280291
280290
280289
280288
280287
280286
280285
280046
280045
280044
280043
280042
280041
280040
280039
280038
280037
280036
280035
280034
280033
280032
280031
280030
280029
280028
279940
279939
279938
279937
279936
279935
279934
279933
279932
279931
279930
279929
279928
279927
279926
279925
279924
279923
279922
279921
279920
279919
279918
279472
279471
279470
279469
279468
279467
279466
279465
279464
279463
279462
279461
279460
279459
279458
279457
279456
279455
279454
279382
279381
279380
279379
279378
279377
279376
279375
279374
279373
279372
279371
279370
279369
279368
279367
279366
279086
279085
279084
279083
279082
279081
279080
279079
279078
279077
279076
279075
279074
279073
279072
279071
278854
278853
278852
278851
278850
278849
278848
278847
278846
278845
278844
278843
278842
278841
278840
278839
278838
278837
278601
278600
278599
278598
278597
278596
278595
278594
278593
278592
278591
278590
278589
278588
278587
278586
278585
278584
278583
278582
278581
278580
278579
278578
278577
278576
278575
278574
278573
278572
278571
278570
278569
278568
278567
278379
278378
278377
278376
278375
278374
278373
278372
278127
278126
278125
278124
278123
278122
278121
278120
278119
278118
277762
277761
277760
277759
277758
277757
277756
277755
277754
277753
277752
277751
277750
277749
277748
277747
277403
277402
277401
277400
277399
277398
277397
277396
277395
277394
277393
277392
277391
277390
277389
277388
277387
277386
277385
277384
277383
277382
277364
277363
277362
277361
277360
277359
277358
277357
277356
277355
277354
277353
277352
277351
277350
277349
277348
276994
276992
276991
276990
276989
276988
276987
276986
276985
276984
276983
276982
276979
276978
276977
276964
276963
276962
276961
276959
276958
276957
276956
276955
276954
276953
276952
276951
276950
276660
276659
276658
276657
276656
276655
276654
276653
276652
276633
276632
276631
276630
276629
276628
276627
276626
276625
276199
276198
276197
276196
276195
276194
276193
276192
276191
276190
276189
276188
276187
276186
276185
276184
276155
276154
276153
276152
276151
276150
276149
276148
276147
276146
276145
276144
275718
275717
275716
275715
275713
275712
275711
275710
275709
275708
275707
275706
275705
275704
275703
275676
275675
275674
275673
275672
275671
275670
275669
275668
275667
275666
275665
275664
275663
275662
275661
275660
275659
275658
275545
275544
275543
275542
275541
275540
275539
275538
275537
275291
275290
275289
275288
275287
275286
275285
275284
275283
275282
275281
275280
275279
275278
275277
275276
275211
275210
275209
275208
275207
275206
275205
275204
275203
275202
275201
275200
275199
275198
275197
275196
275195
275194
275193
274933
274932
274931
274930
274929
274928
274927
274926
274925
274924
274923
274922
274921
274920
274453
274452
274451
274450
274449
274448
274447
274446
274445
274444
274443
274442
274441
274440
274439
274438
274437
274436
274435
274434
274433
274432
274431
274430
274429
274428
274427
274426
274425
274424
274423
274422
274421
274420
274419
274124
274123
274122
274121
274120
274119
274118
274117
274116
274115
274114
274113
274112
274111
274110
273815
273814
273813
273812
273811
273810
273809
273808
273807
273806
273805
273804
273803
273802
273801
273800
273799
273798
273797
273796
273795
273775
273774
273773
273772
273771
273526
273525
273524
273523
273522
273521
273520
273519
273518
273517
273516
273515
273514
273513
273512
273470
273469
273468
273467
273466
273465
273464
273463
273462
273461
273460
273459
273088
273087
273086
273085
273084
273083
273082
273081
273080
273079
273078
273077
273076
273075
273005
273004
273003
273002
273001
273000
272999
272998
272997
272996
272995
272994
272993
272992
272991
272990
272989
272988
272987
272986
272985
272837
272836
272835
272834
272833
272832
272831
272830
272829
272828
272827
272826
272825
272824
272618
272617
272616
272615
272614
272613
272612
272611
272610
272609
272608
272607
272606
272605
272091
272090
272089
272088
272087
272086
272085
272084
272083
272082
272081
271802
271801
271800
271799
271798
271797
271796
271795
271794
271793
271792
271791
271790
271789
271788
271787
271786
271785
271784
271783
271782
271781
271780
271779
271778
271777
271776
271775
271774
271773
271772
271771
271770
271769
271768
271767
271766
271765
271764
271763
271762
271761
271760
271759
271758
271757
271756
271755
271754
271753
271210
271209
271208
271207
271206
271205
271204
271203
271202
271201
271200
271199
271198
271197
271196
271195
271194
271193
271192
271191
271190
271189
271188
271187
271186
271185
271184
271183
271182
271181
271180
271179
271178
271177
271176
270710
270709
270708
270707
270706
270705
270704
270703
270702
270701
270700
270699
270698
270697
270696
270450
270449
270448
270447
270446
270445
270444
270443
270442
270441
270440
270439
270438
270437
269472
269471
269470
269469
269468
269467
269466
269465
269464
269463
269462
269461
269460
269459
269458
269457
269456
269455
269454
269453
269452
269451
269450
269449
269448
269447
269446
269445
269444
269443
269442
269441
269440
269439
269378
269377
269376
269375
269374
269192
269191
269190
269189
269188
269187
269186
269185
269184
269183
269182
269181
269180
269179
269178
268650
268649
268648
268647
268646
268645
268644
268643
268642
268641
268640
268639
268638
268637
268636
268635
268634
268633
268632
268631
268630
268629
268628
268627
268626
268625
268624
268623
268622
268621
268620
268619
268618
267860
267849
267848
267847
267846
267793
267792
267791
267755
267754
267753
267752
267751
267750
267749
267748
267747
267746
267539
267538
267537
267536
267535
267534
267533
267532
267531
267530
267124
267123
267122
267121
267120
267119
267118
267117
267116
267115
267114
267113
267112
267111
267110
267109
267108
267107
267106
267105
267104
267103
267102
267101
267100
267099
267098
267097
267096
267095
267094
267093
267092
267091
267090
267088
267087
267086
267084
267083
267082
267081
266360
266359
266358
266357
266356
266355
266354
266235
266234
266233
266232
266231
266230
266229
266228
266227
266226
266115
266114
266113
266112
266111
266110
266109
266108
266107
266106
266025
266023
266021
266019
266018
266016
265272
265271
265189
265188
265187
265186
265185
265184
265183
265182
265181
265180
265089
265088
265087
265086
265085
265084
265083
265082
265081
265080
265046
265044
265042
265040
265039
265037
265035
265033
265032
265030
264569
264568
264527
264526
264525
264524
264523
264522
264521
264520
264519
264518
264477
264476
264475
264474
264473
264472
264471
264470
264469
264468
264418
264417
264416
264415
264414
264413
264412
264411
264410
264409
264358
264357
264355
264354
264353
264352
264351
264350
264349
264298
264297
264296
264295
264294
264293
264292
264291
264290
264289
263309
263308
263307
263306
263305
263200
263199
263198
263197
263196
263195
263194
263193
263192
263191
263080
263079
263078
263077
263076
263075
263074
263073
263072
263071
262990
262989
262988
262987
262986
262985
262984
262983
262982
262981
262352
262351
262350
262349
262348
262270
262269
262268
262267
262266
262265
262264
262263
262262
262261
262152
262151
262150
262149
262148
262147
262146
262145
262144
262143
262030
262029
262028
262027
262026
262025
262024
262023
262022
262021
261745
261744
261743
261732
261731
261730
261729
261728
261727
261726
261725
261724
261554
261553
261552
261551
261452
261451
261450
261449
261448
261447
261446
261445
261444
261443
261342
261341
261340
261339
261338
261337
261336
261335
261334
261333
261218
261217
261216
261215
261214
261213
261212
261211
261209
261207
260602
260601
260600
260599
260598
260519
260518
260517
260516
260514
260513
260512
260511
260510
260509
260388
260387
260386
260385
260384
260383
260382
260381
260380
260379
260264
260263
260262
260261
260260
260259
260258
260257
260256
260255
259920
259919
259918
259917
259916
259915
259914
259913
259892
259891
259890
259889
259888
259887
259886
259885
259884
259883
259852
259851
259850
259849
259848
259847
259846
259845
259844
259843
259812
259811
259810
259809
259808
259807
259806
259804
259803
259444
259443
259442
259441
259440
259439
259319
259318
259317
259316
259315
259314
259313
259312
259311
259310
258694
258693
258692
258691
258690
258689
258688
258687
258686
258575
258574
258573
258572
258571
258570
258569
258568
258567
258566
258485
258484
258483
258482
258481
258480
258479
258478
258477
258476
258173
258172
258171
258170
258169
258168
258167
258166
258165
258050
258049
258048
258047
258046
258045
258044
258043
258042
257927
257926
257925
257924
257923
257922
257921
257920
257919
257918
257788
257786
257785
257784
257783
257782
257781
257780
257779
257778
257594
257593
257592
257591
257590
257589
257587
257586
257585
257427
257426
257425
257424
257423
257422
257421
257420
257419
257418
257313
257312
257311
257310
257309
257308
257307
257306
257305
257304
257168
257167
257166
257165
257164
257163
257162
257161
257160
257159
256884
256883
256882
256881
256880
256879
256878
256877
256876
256875
256874
256787
256786
256712
256711
256710
256709
256708
256707
256706
256705
256704
256703
256602
256601
256600
256599
256598
256597
256596
256595
256594
256593
256505
256504
256503
256502
256501
256500
256499
256498
256497
256496
256236
256235
256234
256233
256232
256209
256208
256205
256203
256201
256200
256198
256196
256194
256192
256190
256188
256167
256166
256165
256164
256163
256162
256161
256160
256159
256157
256156
256155
256154
256153
256152
256151
256150
256149
256148
256127
256126
256125
256124
256123
256122
256121
256120
256119
256118
256087
256086
256085
256084
256083
256082
256081
256080
256079
256078
255518
255517
255516
255515
255504
255503
255502
255501
255500
255499
255498
255497
255496
255233
255232
255141
255140
255139
255138
255137
255136
255135
255134
255133
255132
255029
255028
255027
255026
255025
255024
255023
255022
255021
255020
254927
254925
254923
254921
254919
254918
254916
254914
254912
254910
254753
254752
254751
254750
254748
254747
254746
254745
254660
254659
254657
254655
254653
254651
254649
254647
254645
254604
254603
254602
254601
254600
254599
254598
254597
254596
254595
254554
254553
254488
254487
254486
254485
254444
254443
254442
254441
254440
254439
254438
254437
254436
254435
253897
253896
253895
253894
253788
253787
253786
253785
253784
253783
253782
253781
253780
253779
253678
253677
253676
253675
253674
253673
253672
253671
253670
253669
253579
253578
253577
253576
253575
253574
253573
253572
253571
253570
253478
253477
253476
253475
253474
253453
253452
253451
253450
253449
253448
253447
253446
253445
253444
253414
253413
253412
253411
253410
253409
253408
253407
253406
253405
253374
253373
253372
253371
253370
253369
253368
253367
253366
253365
253334
253333
253332
253331
253330
253329
253328
253327
253326
253325
253294
253293
253292
253291
253290
253289
253288
253287
253286
253285
253264
253263
253262
253261
253260
253259
253258
253257
253256
253255
252897
252896
252895
252894
252893
252892
252891
252890
252889
252888
252887
252886
252885
252884
252883
252882
252881
252880
252879
252878
252877
252876
252875
252874
252864
252863
252862
252861
252860
252859
252858
252857
252856
252855
252598
252597
252596
252595
252594
252515
252513
252511
252510
252509
252508
252507
252505
252503
252501
252431
252429
252427
252425
252423
252421
252418
252416
252415
252414
252358
252357
252356
252355
252354
252353
252352
252351
252350
252349
252227
252226
252225
252224
252223
252222
252221
252220
252219
252218
252217
252216
252215
252214
252213
252212
252211
252210
252209
252208
252207
252206
252205
252204
252203
252202
252201
252200
252199
252198
252197
252196
252195
252194
252192
252191
252190
252189
252188
252187
252186
252185
252184
252183
252182
252181
252180
252036
252035
252034
252033
252032
252031
252030
251993
251991
251989
251986
251985
251984
251983
251982
251981
251980
251959
251958
251957
251956
251955
251954
251953
251952
251951
251950
251939
251938
251937
251936
251935
251934
251933
251932
251931
251930
251541
251540
251537
251536
251535
251534
251533
251532
251531
251530
251021
251020
251019
251018
251017
250931
250930
250929
250928
250927
250926
250925
250924
250923
250922
250841
250840
250839
250838
250837
250836
250835
250834
250833
250832
250801
250800
250799
250798
250797
250796
250795
250794
250793
250792
250781
250780
250779
250778
250777
250776
250775
250774
250773
250772
250771
250770
250769
250768
250767
250766
250765
250764
250763
250762
250761
250760
250759
250758
250757
250756
250755
250754
250751
250750
250749
250748
250747
250746
250745
250744
250743
250434
250433
250432
250431
250430
250429
250428
250427
250426
250315
250314
250313
250312
250311
250310
250309
250308
250307
250306
250255
250254
250253
250252
250251
250250
250249
250248
250247
250246
250215
250214
250213
250212
250211
250210
250209
250198
250197
250196
250195
250194
250193
250192
250191
250190
250189
250178
250177
250176
250175
250174
250173
250172
250171
250170
250169
250168
250167
250166
250165
250164
250163
250162
250161
249518
249516
249515
249514
249513
249512
249511
249510
249509
249508
249507
249506
249505
249502
249501
248737
248736
248735
248734
248733
248732
248731
248730
248729
248728
248727
248726
248725
248724
248723
248722
248721
248720
248719
248718
248717
248716
248715
248714
248712
248710
248511
248510
248509
248508
248507
248455
248454
248453
248452
248451
248450
248449
248448
248447
248446
248405
248404
248403
248402
248401
248400
248399
248398
248397
248396
248385
248384
248383
248382
248381
248380
248379
248378
248377
248376
248375
248374
248373
248372
248371
248370
248369
248368
248367
248366
248365
248364
248363
248362
248361
248360
248359
248358
248357
248356
248355
248354
248353
248352
248351
248350
248349
248348
248347
248346
248345
248344
248343
248342
248341
248340
248339
248338
248337
248336
248335
248334
248333
248332
248331
247793
247792
247791
247790
247789
247718
247717
247716
247715
247714
247713
247712
247711
247710
247709
247674
247673
247672
247671
247670
247669
247668
247667
247666
247665
247644
247642
247640
247638
247636
247634
247632
247630
247628
247625
247210
247209
247208
247207
247206
247154
247153
247152
247151
247150
247149
247148
247147
247146
247145
247114
247113
247112
247111
247110
247109
247108
247107
247106
247105
247083
247081
247079
247077
247075
247073
247071
247069
247067
247065
247064
247063
247062
247061
247060
247059
247058
247057
247056
247055
247054
247053
247052
247051
247050
247049
247048
247047
247046
247045
247044
247043
247042
247041
247040
247039
247038
247037
247036
246642
246641
246640
246639
246638
246578
246577
246576
246575
246574
246573
246572
246571
246570
246569
246527
246526
246525
246524
246523
246522
246521
246520
246519
246518
246469
246466
246464
246462
246460
246459
246458
246457
246456
246452
246424
246423
246422
246421
246420
246419
246418
246417
246416
245139
245138
245137
245136
245135
245134
245133
245132
245131
245130
245129
245128
245127
245125
245124
245123
245122
245121
245120
245119
245118
245117
245116
245115
245114
245113
245112
245111
245110
245080
245079
245078
245077
245076
245075
244618
244616
244614
244612
244610
244609
244607
244604
244602
244600
244558
244557
244556
244555
244554
244553
244552
244551
244550
244549
244528
244527
244526
244525
244524
244523
244522
244521
244520
244519
244515
244513
244512
244511
244510
244509
244508
244507
244506
244505
244504
244503
244502
244501
244500
244499
244498
244497
244496
244495
244494
244493
244492
244491
244490
244489
244488
244487
244486
244485
244484
244460
244459
244458
244457
244456
244455
244454
244453
244452
244451
244450
244449
243963
243962
243961
243960
243959
243857
243856
243855
243854
243853
243852
243851
243850
243849
243848
243749
243748
243747
243746
243745
243744
243743
243742
243741
243740
243669
243668
243667
243666
243665
243664
243663
243662
243661
243660
243613
243612
243611
243610
243609
243608
243607
243606
243605
243604
243603
243602
243601
243600
243599
243598
243597
243596
243595
243562
243561
243560
242974
242973
242972
242971
242970
242889
242888
242887
242886
242885
242884
242883
242882
242881
242880
242819
242818
242817
242816
242815
242814
242813
242812
242811
242810
242769
242768
242767
242766
242765
242764
242763
242762
242761
242760
242679
242678
242677
242676
242675
242674
242673
242672
242671
242670
242669
242668
242667
242666
242665
242664
242663
242662
242661
242660
242659
242658
242657
242656
242655
242654
242653
242652
242651
242650
242649
242648
242647
242646
242638
242637
242636
242635
242634
242633
242632
242631
242630
242629
242628
242627
242626
242625
242624
242623
242622
242621
242620
242619
242618
242617
242616
242615
242614
242613
242612
242611
242540
242539
242538
242537
242536
242535
242534
242523
242522
242521
242520
242519
242518
242517
242516
242515
242514
242503
242502
242501
242500
242499
242498
242497
242496
242495
242494
242493
242492
242491
242490
242489
242488
242487
242486
242485
242484
241989
241988
241987
241986
241985
241984
241981
241980
241979
241978
241977
241976
241975
241974
241973
241972
241971
241970
241969
241968
241967
241966
241965
241964
241963
241962
241961
241960
241959
241958
241957
241956
241955
241933
241932
241931
241930
241929
241928
241927
241926
241925
241924
241923
241922
241921
241920
241814
241813
241812
241811
241810
241809
241778
241777
241776
241775
241774
241773
241772
241771
241770
241769
241734
241732
241730
241728
241726
241724
241625
241624
241517
241516
241515
241514
241513
241512
241511
241510
241509
241508
241302
241301
241300
241299
241298
241297
241296
241295
241293
241292
241291
241290
241289
241288
241287
241286
241285
241284
241283
241282
241281
241280
241279
241278
241277
241276
241275
241273
241272
241271
241270
241269
241268
241257
241256
241255
241254
241253
241252
241251
241250
241249
241248
241247
241246
241245
241244
241243
241242
241241
241240
241239
241238
241237
241236
241235
241234
241233
240798
240797
240796
240795
240794
240713
240711
240709
240708
240707
240706
240705
240704
240703
240702
240646
240644
240642
240640
240638
240636
240635
240634
240633
240632
240577
240576
240575
240574
240573
240572
240571
240570
240569
240568
240396
240395
240394
240393
240392
240391
240390
240389
240388
240387
240386
240385
240384
240383
240382
240381
240380
240379
240378
240345
240344
240343
239906
239905
239904
239903
239902
239827
239826
239825
239824
239823
239822
239821
239820
239819
239818
239732
239731
239730
239729
239728
239727
239726
239725
239724
239723
239647
239646
239645
239644
239643
239642
239641
239640
239639
239638
238937
238936
238934
238932
238908
238906
238904
238902
238900
238898
238896
238894
238892
238890
238836
238835
238800
238254
238253
238252
238194
238193
238192
238191
238190
238189
238188
238187
238186
238185
238144
238143
238142
238141
238140
238139
238138
238137
238136
238135
238113
238112
238111
238110
238109
238108
238107
238106
238105
238104
238033
238032
238031
238030
238029
238028
238027
238026
238025
238024
238013
238012
238011
238010
238009
238008
238007
238006
238005
238004
237993
237992
237991
237990
237989
237988
237987
237986
237985
237984
237973
237972
237971
237970
237969
237968
237967
237966
237965
237964
237953
237952
237951
237950
237949
237948
237947
237946
237945
237944
237933
237932
237931
237930
237929
237928
237927
237926
237925
237924
237905
237904
237903
237902
237901
237900
237899
237898
237897
237896
237365
237364
237363
237362
237361
237330
237329
237328
237327
237326
237325
237324
237323
237322
237321
237288
237287
237286
237285
237284
237283
237282
237281
237280
237279
237245
237244
237243
237242
237241
237239
237238
237237
237236
237235
236657
236656
236655
236654
236653
236582
236581
236580
236579
236578
236577
236576
236575
236574
236573
236522
236521
236520
236519
236518
236517
236516
236515
236514
236513
236482
236481
236480
236479
236478
236477
236476
236475
236474
236473
235805
235803
235801
235799
235798
235712
235711
235710
235709
235708
235707
235706
235705
235704
235703
235612
235611
235610
235609
235607
235604
235602
235600
235598
235596
235542
235541
235540
235539
235538
235537
235536
235535
235534
235533
235179
235178
235177
235176
235175
235144
235143
235142
235141
235140
235139
235138
235137
235136
235135
235104
235103
235102
235101
235100
235099
235098
235097
235096
235095
235064
235063
235062
235061
235060
235059
235058
235057
235056
235055
235033
235032
235031
235030
235029
235028
235027
235026
235025
233904
233903
233902
233901
233900
233799
233798
233797
233796
233795
233794
233793
233792
233791
233790
233759
233758
233757
233756
233755
233754
233753
233752
233751
233750
233729
233728
233727
233726
233725
233724
233723
233722
233721
233720
233066
233065
233012
233010
233008
233006
233004
233002
233000
232997
232996
232995
232969
232966
232964
232962
232960
232959
232958
232957
232956
232955
232952
232950
232948
232946
232944
232942
232941
232939
232937
232935
232531
232480
232479
232478
232477
232476
232475
232474
232473
232472
232471
232440
232439
232438
232437
232436
232435
232434
232433
232432
232431
232420
232419
232418
232417
232416
232415
232414
232413
232412
232411
232120
232119
232118
232117
232116
232057
232055
232053
232051
232049
232047
232045
232043
232042
232041
231985
231983
231981
231978
231976
231975
231974
231973
231972
231971
231917
231915
231913
231911
231909
231908
231906
231904
231903
231901
231450
231449
231448
231447
231445
231443
231441
231399
231398
231397
231396
231395
231394
231393
231392
231391
231390
230921
230920
230919
230918
230842
230841
230840
230839
230838
230837
230836
230835
230834
230833
230745
230744
230743
230742
230741
230740
230739
230738
230737
230736
230645
230644
230643
230642
230641
230640
230639
230638
230637
230636
230319
230318
230317
230316
230230
230229
230228
230227
230226
230225
230224
230223
230222
230221
230167
230166
230165
230164
230162
230160
230158
230155
230153
230151
229637
229635
229587
229586
229585
229584
229583
229582
229581
229580
229579
229578
229547
229546
229545
229544
229543
229542
229541
229540
229539
229538
229507
229506
229505
229504
229503
229502
229501
229500
229499
229498
229041
229040
229039
229038
229037
229036
229035
229034
229033
229032
228963
228962
228961
228960
228959
228958
228957
228956
228955
228954
228893
228892
228890
228888
228886
228884
228882
228880
228877
228875
228649
228648
228647
228646
228645
228624
228623
228622
228621
228620
228619
228618
228617
228616
228615
228556
228555
228554
228553
228552
228551
228550
228549
228548
228547
228476
228475
228474
228473
228472
228471
228470
228469
228468
228467
227802
227800
227798
227796
227794
227792
227295
227294
227286
227284
227282
227280
227279
227278
227277
227276
227275
227274
227273
227272
227271
227270
227269
227268
227267
227266
227265
227264
227263
227262
227261
227260
227259
227258
227257
227256
227255
227254
226905
226904
226838
226837
226836
226835
226834
226833
226832
226831
226830
226829
226759
226758
226757
226756
226755
226754
226753
226752
226751
226750
226687
226686
226685
226684
226683
226682
226681
226680
226679
226678
226146
226145
226144
226143
226142
226063
226062
226061
226060
226059
226058
226057
226056
226055
226054
225973
225972
225971
225970
225969
225968
225967
225966
225965
225964
225879
225878
225877
225876
225875
225874
225873
225872
225871
225870
225595
225594
225593
225592
225535
225534
225533
225532
225531
225530
225529
225528
225527
225526
225451
225450
225449
225448
225447
225446
225445
225444
225443
225442
225351
225350
225349
225348
225347
225346
225345
225344
225342
225339
224778
224777
224776
224775
224774
224773
224772
224771
224770
224769
224443
224442
224441
224440
224439
224438
224437
224436
224383
224382
224381
224380
224379
224378
224377
224376
224375
224374
224300
224299
224298
224297
224296
224295
224294
224293
224292
224291
223914
223913
223857
223856
223855
223854
223853
223852
223851
223850
223849
223848
223765
223764
223763
223762
223761
223760
223759
223758
223757
223756
223678
223676
223674
223672
223671
223670
223669
223668
223667
223666
223517
223515
223513
223511
223509
223507
223505
223503
223501
223499
223072
223071
223003
223002
223001
223000
222999
222998
222997
222996
222995
222994
222552
222551
222550
222549
222484
222483
222482
222481
222480
222479
222478
222477
222476
222475
222424
222423
222422
222421
222420
222419
222418
222417
222416
222415
222361
222360
222359
222358
222357
222356
222355
222354
222353
222352
222223
222222
222221
222220
222219
222218
222217
222216
222196
222195
222194
222193
222192
222191
222190
222189
222188
222187
222157
222156
222155
222154
222153
222152
222151
222150
222149
222148
222117
222116
222115
222114
222113
222112
222111
222110
222109
222108
222077
222076
222075
222074
222073
222072
222071
222070
222069
222068
222026
222025
222024
222023
222022
222021
222020
222019
222018
222017
221955
221954
221953
221952
221951
221950
221949
221948
221947
221946
221130
221129
221128
221077
221076
221075
221074
221073
221072
221071
221070
221069
221068
221007
221006
221005
221004
221003
221002
221001
221000
220999
220998
220977
220976
220975
220974
220973
220972
220971
220970
220969
220968
220951
220950
220949
220948
220947
220946
220945
220944
220943
220942
220052
220051
220050
220049
220048
220047
220046
219975
219974
219973
219972
219971
219970
219969
219968
219967
219966
219890
219889
219888
219887
219886
219885
219884
219883
219882
219881
219789
219788
219787
219786
219785
219784
219783
219782
219666
219665
219664
219663
219662
219661
219660
219659
219658
219657
219586
219585
219584
219583
219572
219571
219570
219569
219568
219567
219566
219565
219564
219563
219546
219545
219544
219543
219542
219541
219540
219539
219538
219537
219408
219407
219406
219405
219404
219403
219402
219401
219400
219399
219368
219367
219366
219365
219364
219363
219362
219361
219360
219359
219328
219327
219326
219325
219324
219323
219322
219321
219320
219319
218495
218494
218493
218492
218442
218441
218440
218439
218438
218437
218436
218435
218434
218433
218382
218381
218380
218379
218378
218377
218376
218375
218374
218373
218303
218302
218301
218300
218299
218298
218297
218296
218295
218294
218163
218162
218161
218160
218159
218158
218157
218156
218155
218154
218152
218150
218148
218146
218144
218142
218140
218138
218136
218134
217481
217480
217479
217478
217477
217476
217475
217424
217423
217422
217421
217420
217419
217418
217417
217416
217415
217367
217366
217365
217364
217363
217362
217361
217360
217359
217358
216809
216808
216807
216806
216742
216741
216740
216739
216738
216737
216736
216735
216734
216733
216642
216641
216640
216639
216638
216637
216636
216635
216634
216633
216330
216329
216328
216327
216326
216325
216324
216323
216322
216321
216320
216319
216318
216317
216316
216315
216314
216313
216312
216311
216310
216309
216308
216259
216258
216257
216256
216255
215740
215739
215738
215737
215639
215638
215637
215636
215635
215634
215633
215632
215631
215630
215514
215512
215510
215508
215506
215505
215504
215503
215502
215501
215420
215419
215418
215417
215416
215415
215414
215413
215412
215411
214804
214803
214802
214801
214800
214690
214689
214688
214687
214686
214685
214684
214683
214682
214681
214580
214579
214578
214577
214576
214575
214574
214573
214572
214571
214462
214461
214460
214459
214458
214457
214456
214455
214454
214453
214210
214209
214208
214207
214176
214175
214174
214173
214172
214171
214169
214168
214167
214136
214135
214134
214133
214132
214131
214130
214129
214128
214127
214109
214108
214107
214106
214105
214104
214103
214102
214076
214075
214074
214073
214072
214071
214070
214016
214015
214014
214013
214012
214011
214010
214009
214008
214007
213956
213955
213954
213953
213952
213951
213950
213949
213948
213947
213930
213929
213928
213927
213896
213895
213894
213893
213892
213891
213890
213889
213888
213887
213340
212617
212615
212613
212611
212609
212566
212565
212564
212563
212562
212561
212560
212559
212558
212557
212486
212485
212484
212483
212482
212481
212480
212477
212405
212404
212403
212402
212401
212400
212399
212398
212397
212396
212254
212253
212251
212250
212249
212248
212247
212246
212245
212244
212243
212242
212241
212240
212239
212238
212237
212236
212235
212234
212233
212232
212231
212230
212229
212228
212227
212226
212225
212224
212223
212200
212199
212198
212195
212194
212193
212192
212191
211611
211610
211609
211608
211607
211606
211575
211574
211573
211572
211571
211570
211569
211568
211567
211566
211549
211548
211547
211546
211545
211544
211543
211542
211541
211540
211381
211380
211379
211378
211377
211376
211375
211374
211373
211372
211371
211370
211369
211367
211366
211365
211364
211363
211362
211361
211360
211359
211358
211357
211356
211355
211354
211353
211352
211351
211350
211349
211348
211347
209714
209712
209710
209698
209697
209696
209695
209694
209693
209692
209691
209690
209689
209660
209659
209658
209656
209654
209652
209650
209648
209646
209644
209611
209610
209609
209608
209607
209606
209605
209604
209603
209602
209436
209435
209434
209433
209431
209429
209428
209427
209424
209422
209420
209416
209415
209414
209413
209412
209410
209409
209408
209407
209391
209390
209389
209388
209387
209386
209385
209384
209360
209358
209357
209356
209355
209354
209352
209331
209330
209329
209328
209327
209326
209325
209324
209323
209322
209301
209300
209299
209298
209296
209295
209294
209293
208844
208842
208840
208838
208836
208786
208785
208784
208783
208782
208781
208780
208779
208778
208777
208712
208710
208708
208706
208704
208702
208700
208698
208696
208694
208653
208652
208651
208650
208649
208648
208647
208646
208645
208644
208032
208031
208030
207976
207975
207974
207973
207972
207971
207970
207969
207968
207967
207902
207901
207900
207899
207898
207897
207896
207895
207894
207893
207391
207390
207389
207388
207387
207316
207315
207314
207313
207312
207311
207310
207309
207308
207307
207237
207236
207235
207234
207233
207232
207231
207230
207229
207228
207194
207193
207192
207191
207190
207189
207188
207187
207186
207185
206461
206454
206453
206452
206451
206450
206449
206448
206447
206446
206445
206423
206422
206421
206420
206419
206418
206417
206416
206415
206414
206403
206402
206401
206400
206399
206398
206397
206396
206395
206394
206152
206151
206150
206149
206148
206147
206146
206145
206144
206143
206142
206141
206140
206139
206138
206137
206136
206135
206134
206133
206132
206131
206130
206129
206128
206018
206017
205974
205973
205972
205971
205970
205969
205968
205967
205966
205965
205914
205913
205912
205911
205910
205909
205908
205907
205906
205905
205864
205863
205862
205861
205860
205859
205858
205857
205856
205855
204824
204823
204822
204821
204820
204819
204818
204817
204816
204815
204814
204813
204812
204811
204810
204809
204808
204807
204806
204805
204804
204803
204802
204801
204800
204799
204798
204797
204796
204795
204794
204793
204792
204791
204790
204789
204780
204779
204778
204777
204776
204775
204774
204773
204772
204771
204755
204754
204753
204752
204751
204750
204749
204748
204747
204746
204335
204334
204333
204332
204331
204320
204319
204318
204317
204316
204315
204314
204313
204312
204311
204298
204297
204296
204295
204294
204293
204291
204290
204289
204258
204257
204256
204255
204155
204154
204153
204152
204151
204150
204149
204148
204147
204146
203645
203643
203642
203641
203620
203619
203618
203617
203616
203615
203614
203613
203612
203611
203609
203605
203603
203602
203601
203599
203598
203595
203593
203592
203591
203588
203587
203586
203585
203584
203582
203581
203580
203578
203577
203576
203575
203574
203572
203571
203570
203569
203567
203563
203562
203561
203560
203551
203549
203545
203542
203540
203538
203537
203536
203535
203534
203533
203532
202648
202570
202569
202568
202567
202565
202563
202561
202559
202556
202554
202470
202469
202468
202467
202466
202464
202462
202460
202458
202456
202427
202425
202424
202422
202420
202418
202416
202414
202412
202411
201325
201324
201323
201322
201321
201310
201309
201308
201307
201306
201305
201304
201303
201302
201301
201290
201289
201288
201287
201286
201285
201284
201283
201282
201281
201280
201279
201278
201277
201276
201275
201274
201273
201272
201271
200556
200555
200554
200553
200540
200539
200538
200537
200536
200535
200534
200533
200532
200531
200499
200498
200497
200496
200495
200494
200493
200492
200491
200490
200468
200466
200464
200462
200460
200459
200457
200455
200453
200451
199798
199797
199796
199795
199794
199793
199792
199781
199780
199779
199778
199777
199776
199775
199774
199773
199772
199752
199751
199750
199749
199748
199747
199746
199745
199744
199743
199483
199482
199481
199480
199479
199478
199477
199476
199475
199445
199443
199441
199439
199437
199434
199432
199430
199427
199425
198635
198634
198633
198632
198631
198630
198599
198598
198597
198596
198595
198594
198593
198592
198591
198590
198559
198558
198557
198556
198555
198554
198553
198552
198551
198550
198510
198509
198508
198507
198506
198505
198504
198503
198502
198501
197501
197500
197499
197498
197497
197496
197495
197494
197493
197492
197481
197480
197479
197478
197477
197476
197475
197474
197473
197472
197461
197460
197459
197458
197457
197456
197455
197454
197453
197452
197441
197440
197439
197438
197437
197436
197435
197434
197433
197432
197424
197423
197422
197421
197420
197419
197418
197417
197416
197415
197400
197399
197398
197397
197396
197395
197394
197393
197392
197391
197366
197365
197364
197363
197362
197361
197360
197359
197358
197357
196459
196458
196457
196456
196455
196454
196453
196452
196451
196430
196429
196428
196427
196426
196425
196424
196423
196422
196421
196400
196399
196398
196397
196396
196395
196394
196393
196392
196391
196370
196369
196368
196367
196366
196365
196364
196363
196362
196361
196350
196349
196348
196347
196346
196345
196344
196343
196342
196341
196330
196329
196328
196327
196326
196325
196324
196267
196266
196264
196263
196262
196261
196260
196259
196258
196257
196256
196248
196247
196246
196245
196244
196243
196242
196241
196240
196239
196228
196227
196226
196225
196224
196223
196222
196221
196173
196172
196171
196170
196169
195342
195341
195340
195339
195321
195319
195317
195315
195313
195311
195309
195307
195305
195302
195291
195290
195289
195288
195287
195286
195285
195284
195283
195282
195251
195250
195249
195248
195247
195246
195245
195244
195171
195170
195169
195168
195167
195097
195096
195095
195093
195091
195090
195089
195088
195032
195031
195030
195029
195028
194997
194996
194995
194994
194993
194992
194991
194990
194989
194988
194908
194907
194906
194905
194904
194903
194902
194901
194900
194899
194795
194794
194792
194791
194790
194789
194787
194786
193994
193913
193912
193911
193910
193909
193908
193907
193906
193905
193904
193823
193822
193821
193820
193819
193818
193817
193816
193815
193814
193743
193742
193741
193740
193739
193738
193737
193736
193735
193059
193012
193011
193010
193009
193007
193006
193005
193004
193003
192932
192931
192930
192929
192928
192927
192926
192925
192924
192923
192843
192842
192841
192840
192839
192838
192837
192836
192835
192834
192783
192782
192781
192780
192779
192778
192777
192776
192775
192774
192723
192722
192721
192720
192719
192718
192717
192716
192715
192714
192673
192672
192671
192670
192669
192668
192667
192666
192665
192664
192016
192015
192014
192013
192012
192011
192010
192009
192008
192007
192006
192005
192004
192003
192002
192001
192000
191999
191998
191997
191996
191995
191994
191993
191992
191991
191990
191989
191988
191987
191986
191985
191984
191983
191982
191981
191980
191979
191978
191977
191976
191975
191974
191973
191972
191971
191970
191969
191968
191967
191966
191965
191964
191963
191962
191961
191960
191959
191958
191957
191956
191955
191954
191953
191952
191951
191950
191949
191948
191947
191946
191945
191944
191943
191942
191941
191940
191939
191938
191937
191936
191935
191934
191933
191932
191931
191930
191929
191928
191927
191926
191925
191291
191290
190631
190630
190629
190628
190627
190626
190625
190624
190613
190612
190611
190610
190609
190608
190607
190606
190605
190604
190438
190436
190434
190425
190423
190400
190399
190397
190396
190395
190394
190393
190392
190391
190360
190359
190358
190357
190356
190355
190354
190234
190233
190232
190231
189465
189464
189463
189462
189461
189460
189445
189444
189443
189442
189441
189440
189439
189438
189404
189403
189402
189401
189400
188205
188202
188200
188198
188197
188195
188194
188193
188192
188191
188160
188159
188158
188157
188156
188155
188154
188153
188031
187540
187539
187538
187536
187535
187534
187533
187532
187531
187530
187529
187528
187527
187526
187525
187524
187523
187522
187521
187193
186481
186480
186440
186438
186437
186436
186435
186434
186433
186432
186431
186430
186401
186399
186397
186396
186395
186394
186393
186392
186262
185333
185292
185291
185290
185289
185288
185287
185286
185285
185284
185283
185242
185241
185240
185239
185238
185237
185236
185235
185095
185094
184047
183007
183006
183005
183004
183003
183002
183001
183000
182959
182958
182957
182956
182955
182954
182953
182952
181511
181470
181469
181468
181467
181466
181465
181464
181463
181462
181461
181420
181419
181418
181417
181416
181415
181414
181413
181271
180418
180417
180416
180415
180370
180369
180368
180367
180366
180365
180364
180363
180362
180361
180320
180318
180316
180315
180312
180311
180308
180306
180304
180303
180262
180261
180260
180259
180258
180257
180256
180255
180133
180092
180091
180090
180089
180088
180087
180086
180085
180084
177918
177916
177913
177911
177907
177905
177864
177863
177862
177861
177860
177859
177858
177857
177856
177855
177804
177803
177802
177801
177800
177799
177798
177797
177617
177616
177615
177614
177613
176791
176790
176789
176788
176742
176741
176740
176739
176738
176737
176736
176735
176734
176681
176679
176678
176677
176676
176675
176674
176673
176622
176621
176620
176619
176618
176617
176616
176615
176458
176457
176456
176455
176454
176453
175342
175341
175340
175339
175338
175337
174353
174352
174351
174350
174322
174321
174320
174319
174318
174317
174316
174315
174314
174313
174267
174266
174265
174264
174263
174262
174261
174260
174259
174217
174216
174215
174214
174213
174212
174211
174210
174053
174052
174051
174050
174049
174048
172076
172075
172074
172073
172034
172033
172032
172031
172028
172027
172026
172025
171984
171983
171982
171981
171980
171979
171978
171977
171976
171975
171934
171933
171932
171931
171930
171929
171928
171927
171880
171879
171878
171877
171876
171833
171832
171831
171830
171828
171827
171826
171825
171767
171765
171763
171762
171761
171760
171759
171758
170547
170545
169294
169123
169122
166884
166883
166882
166842
166841
166839
166838
166837
166836
166835
166834
166833
166792
166791
166790
166789
166788
166787
166786
166785
166784
166783
166742
166741
166740
166739
166738
166737
166736
166735
166594
166593
165979
165978
165977
165945
165943
165941
165939
165937
165935
165932
165931
165930
165929
165887
165885
165883
165881
165879
165877
165875
165874
165873
165872
165829
165827
165825
165823
165821
165819
165817
165815
165770
165728
165690
165689
165688
165687
165686
165685
165684
165683
165682
164821
164820
164769
164768
164767
164766
164765
164763
164762
164761
164716
164714
164712
164710
164708
164705
164704
164703
164702
164701
164650
164649
164648
164647
164646
164645
164644
164643
164484
164483
164482
164481
163588
162467
162466
162465
162464
162463
162462
162461
162460
162459
162413
162411
162409
162407
162405
162403
162402
162401
162400
162399
162348
162347
162346
162345
162344
162343
162342
162341
162235
162183
162182
162181
162179
162178
162177
162176
162174
161049
161048
161047
161046
160995
160994
160993
160992
160991
160990
160989
160988
160987
160986
160945
160943
160942
160941
160940
160939
160938
160937
160936
160905
160904
160902
160899
160897
160895
160893
160891
160784
160783
160781
160780
160779
160776
158560
158559
158558
158557
158516
158515
158514
158513
158510
158508
158507
158476
158475
158474
158473
158472
158471
158469
158467
158465
158463
158426
158425
158424
158423
158422
158421
158420
158419
158290
158287
157029
157028
157025
157023
157022
156991
156990
156989
156988
156987
156986
156985
156984
156983
156982
156943
156942
156941
156940
156939
156938
156937
156936
155417
155416
155415
155414
155233
155232
154041
154040
154039
154038
154002
154001
154000
153999
153998
153997
153996
153995
153994
153993
153952
153951
153950
153949
153948
153947
153946
153945
153944
153943
153902
153901
153900
153899
153898
153897
153896
153895
153793
153749
153747
153745
153743
150933
150932
150930
150928
150904
150903
150902
150901
150900
150899
150898
150897
150896
150895
150864
150863
150862
150861
150860
150859
150858
150857
150856
150824
150820
150819
150818
150817
150690
150689
150688
150687
150686
150685
145970
145969
145938
145937
145936
145935
145934
145933
145932
145931
145930
145929
145898
145897
145896
145895
145894
145893
145892
145891
145773
145772
145771
145770
145769
144586
144585
144584
144583
144554
144553
144552
144551
144550
144549
144548
144547
144546
144545
144504
144503
144502
144500
144499
144498
144496
144454
144453
144452
144451
144450
144449
144448
144447
143006
143005
143004
143003
143002
143001
142964
142963
142962
142961
142960
142959
142958
142957
142914
142913
142912
142911
142910
142909
142908
142907
142906
142905
142864
142863
142862
142861
142860
142859
142858
142725
140408
140368
140367
140366
140365
140364
140363
140362
140361
140360
140359
140318
140317
140316
140315
140314
140313
140312
140311
140310
140309
140268
140265
140264
140263
140262
138779
138694
138693
138692
138691
138690
138689
138648
138647
138646
138645
138644
138643
138642
138489
137089
137088
137087
137086
137084
137051
137050
137049
137048
137047
137046
136924
136923
136405
136404
136403
136401
136400
136391
136390
136389
136388
136386
136385
136384
136383
136382
136371
136370
136369
136367
136365
136359
136357
136355
136353
136331
136330
136329
136328
136327
136326
136325
136197
136196
136195
136194
136193
136192
134739
134738
134737
134736
134735
134734
134733
134732
134731
134730
134729
134728
134727
133109
133108
133107
133105
133103
133101
133099
133097
133095
133093
133059
133058
133057
133056
133055
133054
133053
132908
132907
132906
132905
132904
132903
132902
132901
132900
131521
131520
131485
131484
131482
131481
131480
131479
131478
131477
131476
131435
131434
131433
131432
131431
131430
131429
131428
131427
131426
131395
131394
131393
131392
131391
131390
131389
131239
131238
131237
131236
129880
129879
129840
129838
129837
129836
129835
129834
129833
129832
129831
129788
129786
129784
129782
129780
129778
129776
129773
129772
129771
129720
129719
129718
129717
129716
129715
129714
129532
129531
129530
128607
128606
128572
128571
128570
128569
128568
128567
128566
128565
128564
128523
128522
128521
128520
128519
128518
128517
128364
126758
126754
126753
126752
126751
126710
126709
126708
126707
126706
126705
125005
125004
125003
123518
123517
123516
123515
123514
123513
123476
123474
123473
123472
123471
123470
123469
123468
123467
123416
123415
123414
123412
123410
123405
123403
123401
123357
123356
123355
123354
123353
123352
123351
123174
123173
123172
123171
123170
123169
123168
123167
121949
121948
121947
121946
121945
121944
121912
121911
121910
121909
121908
121907
121906
121905
121904
121903
121852
121850
121849
121848
121847
121846
121845
121844
121843
121789
121788
121787
121786
121785
121784
121783
121640
121579
121578
121577
121576
121575
121574
121573
121572
121571
121570
120573
120444
120378
120376
120374
120372
120370
118888
118887
118886
118885
118884
118883
118867
118866
118865
118864
118863
118862
118861
118860
118859
118858
118833
118832
118831
118830
118829
118828
118827
118826
118825
118824
118793
118792
118791
118790
118789
118788
118787
118648
118647
118646
118645
118644
118643
118642
118641
117717
117716
117715
117714
117713
117684
117683
117682
117680
117679
117678
117677
117676
117675
117638
117637
117636
117635
117634
117633
117632
117631
117630
117629
117605
117604
117603
117602
117601
117415
117414
117413
117412
117411
117410
117409
117407
117405
114716
114715
114714
114670
114669
114668
114667
114666
114665
114664
114663
114609
114608
114607
114606
114605
114603
114395
114394
114393
114392
114391
114390
113222
113221
113220
113219
113183
113182
113181
113180
113179
113178
113177
113176
113175
113174
113094
113093
113092
113091
113090
113089
113088
112881
112880
112879
112878
112877
112876
112875
111508
111507
111506
111460
111459
111457
111455
111453
111451
111449
111445
111443
111397
111396
111395
111394
111393
111392
111391
111390
111389
111388
111317
111316
111315
111314
111313
111312
111311
111240
111239
111238
111177
111176
111175
111174
111173
111172
111171
111170
111169
111168
111087
111086
111085
111084
111083
111082
111081
111080
111079
111078
109932
109931
109870
109869
109868
109867
109866
109865
109864
109653
109652
109651
108371
108368
108367
108366
108365
108364
108313
108312
108311
108310
108309
108308
108307
108077
108076
108075
108074
108073
108072
108071
108070
108069
106988
106987
106986
106985
106984
106983
106982
106981
106956
106955
106954
106953
106952
106951
106950
106949
106947
106908
106907
106906
106905
106904
106903
106902
106746
106745
106744
106743
106742
106741
106740
106739
106738
106737
105452
105450
105449
105448
105447
105446
105445
105414
105413
105412
105411
105410
105409
105408
105407
105406
105405
105344
105343
105342
105341
105340
105339
105338
105141
105140
105139
105138
105137
105136
105135
102192
102191
102190
102189
102187
102186
102185
102184
102183
102102
102101
102100
102099
102098
102097
102096
102094
101855
101854
101853
100485
100484
100483
100482
100481
100480
100471
100470
100469
100468
100467
100466
100465
100464
100463
100462
100426
100425
100424
100423
100422
100421
100420
100419
100418
100417
100376
100375
100374
100373
100372
100371
100370
100319
100317
100315
100314
100313
100312
100311
100310
100259
100258
100257
100256
100255
100254
100253
100252
100251
100250
100209
100208
100207
100206
100205
100204
100203
100202
100201
100200
99050
99049
99048
99047
99046
99045
99034
99033
99032
99031
99030
99029
99028
99027
99026
99025
98971
98970
98969
98968
98966
98965
98964
98963
98962
98891
98890
98889
98888
98887
98886
98885
98692
98622
98620
98619
98618
98616
98615
98614
98613
98612
97122
97071
97070
97069
97067
97066
97065
97064
97063
97062
97001
97000
96999
96998
96997
96996
96995
96789
96788
96787
96786
96785
96784
96783
96782
95176
93663
93618
93617
93616
93615
93614
93613
93612
93611
93610
93609
93560
93559
93557
93555
93553
93551
93549
93547
93545
93543
93490
93488
93487
93486
93485
93484
93285
93284
93283
93282
93281
92016
92015
92014
92013
92012
92011
92010
92009
92008
92007
91946
91945
91944
91943
91942
91941
91940
91939
91938
91937
91881
91879
91877
91875
91873
91871
91870
91675
91674
91673
91672
91671
91670
91669
91667
90393
90391
90389
90387
90383
90331
90330
90329
90328
90327
90326
90325
90324
90323
90322
90261
90260
90259
90258
90257
90256
90255
90254
90253
90252
90206
90204
90201
90199
90197
90196
90195
90057
90056
90055
90054
90053
90052
90011
90010
90009
90008
90007
90006
90005
90004
90003
90002
88581
88578
88577
88515
88514
88513
88512
88511
88510
88459
88458
88457
88456
88455
88454
88453
88452
88451
88450
88398
88397
88396
88395
88394
88393
88392
88185
88184
88183
88182
88181
88180
88179
86876
86875
86874
86873
86872
86871
86810
86809
86808
86807
86806
86805
86804
86605
86604
86603
86602
86601
85216
85215
85214
85213
85212
85211
85165
85164
85163
85162
85161
85160
85159
85158
85157
85156
85100
85099
85098
85097
85096
85095
85093
85092
85091
85030
85029
85028
85027
85026
85025
85024
84819
84818
84817
84816
84815
84814
84813
84812
84811
83448
83387
83386
83385
83384
83383
83382
83381
83320
83319
83318
83317
83316
83315
83314
83106
83105
83104
83103
83102
83101
81746
81745
81744
81743
81742
81741
81685
81684
81683
81682
81681
81680
81679
81678
81677
81676
81615
81614
81613
81612
81610
81609
81397
81396
79774
79773
79772
79771
79770
79769
79768
79767
79766
79765
79723
79722
79721
79720
79719
79718
79717
79716
79715
79714
79663
79662
79661
79660
79659
79658
79657
79477
79476
79475
79474
76604
76603
76602
76601
76600
76599
76572
76571
76570
76569
76568
76567
76566
76564
76563
76514
76513
76512
76511
76510
76508
76507
76506
76505
76454
76453
76452
76451
76450
76449
76448
76329
76328
76327
76326
76325
76274
76273
76272
76271
76270
76269
76268
76267
76266
76265
74984
74944
74943
74942
74941
74940
74939
74938
74937
74936
74935
74888
74887
74886
74885
74884
74883
74882
74881
74880
74879
74828
74827
74826
74825
74824
74823
74822
74655
74654
74653
74652
74651
74650
74649
73827
73802
73801
73800
73799
73798
73797
73796
73795
73793
73762
73761
73760
73759
73758
73757
73756
73755
73754
73753
73722
73721
73720
73719
73718
73717
73716
73596
73595
73594
73593
72609
72608
72571
72570
72569
72568
72567
72566
72565
72564
72563
72562
72509
72508
72507
72506
72505
72503
72502
72501
72500
72430
72429
72428
72427
72426
72425
72424
72183
72182
72181
70731
70680
70679
70678
70677
70676
70675
70674
70673
70672
70671
70620
70619
70618
70617
70616
70615
70614
70472
70471
69044
69043
69042
69041
69040
69039
69038
69037
69036
69035
68994
68993
68992
68991
68990
68989
68988
68826
68825
67433
67432
67431
67430
67429
67428
67427
67249
67248
67247
67246
67245
67244
65970
65969
65968
65967
65966
65965
65930
65929
65928
65927
65926
65924
65923
65921
65870
65869
65868
65867
65866
65865
65864
65863
65862
65861
65810
65809
65808
65807
65806
65805
65804
65693
65692
65691
65658
65656
65654
65652
65651
65649
65647
65645
65642
64388
64387
64386
64385
64384
64383
64375
64374
64373
64371
64370
64369
64368
64367
64366
64324
64323
64322
64321
64320
64319
64318
64317
64316
64264
64263
64261
64260
64259
64142
64141
64140
64139
64138
64137
64136
64065
64064
64063
64062
64061
64060
64059
64058
64057
62837
62785
62777
62776
62725
62724
62723
62722
62721
62720
62719
62541
62540
62539
62538
62537
62536
59996
59995
59994
59947
59946
59945
59943
59942
59941
59940
59938
59887
59886
59885
59884
59883
59882
59881
59659
59658
56808
56807
56806
56805
56803
56802
56801
56800
56799
56747
56746
56745
56744
56743
56742
56628
56568
56567
56566
56565
56564
56563
56562
56561
56560
56559
55602
55601
55600
55598
55597
55596
55595
55594
55563
55562
55561
55560
55559
55558
55557
55556
55555
55554
55523
55522
55521
55520
55519
55518
55517
55409
55408
55407
55406
55405
55404
54277
54276
54275
54274
54273
54272
54229
54228
54227
54226
54225
54224
54221
54220
54169
54168
54167
54166
54165
54164
54163
54162
54161
54160
54109
54108
54107
54106
54105
54104
54103
53981
53980
53919
53918
53917
53916
53915
53914
53913
53912
53911
53910
52362
52361
52360
52359
52358
52311
52310
52309
52308
52307
52306
52305
52304
52303
52302
52243
52242
52241
52240
52239
52238
52237
52049
52048
52047
52046
52045
52044
49607
49606
49605
49604
49603
49602
49600
49599
49598
49587
49586
49585
49584
49583
49582
49581
49471
49470
49469
49468
49467
49466
49465
49464
49463
49462
48152
48151
48150
48149
48148
48147
48130
48128
48126
48123
48122
48121
48120
48119
48118
48117
48079
48078
48077
48076
48073
48072
48071
48070
48003
48002
48001
48000
47999
47998
47997
47738
47736
47734
47732
47731
47729
47727
47726
47725
47724
46691
46690
46687
46686
46637
46636
46635
46634
46633
46632
46631
46630
46629
46550
46549
46547
46546
46545
46544
46543
46542
46541
46460
46459
46458
46457
46456
46455
46454
46175
46174
46173
46172
46171
45147
45146
45065
45064
45063
45062
45061
45060
45059
45058
45057
45056
44975
44974
44973
44972
44971
44970
44968
44967
44966
44905
44904
44903
44902
44901
44900
44899
44716
44625
44624
44623
44622
44620
44619
44618
44617
44616
43363
43362
43361
43360
43089
43088
43087
41651
41650
40618
40617
40616
40615
40614
40613
40612
40531
40530
40529
40528
40527
40526
40525
40225
40224
40223
40222
39116
39115
39114
39113
39112
39111
39026
39025
39024
39023
39022
39021
39020
39019
38926
38925
38924
38923
38921
38920
38919
38918
38917
38826
38825
38824
38823
38822
38821
38820
38717
38626
38625
38624
38623
38622
38621
38620
38619
38618
38617
38526
38525
38524
38523
38522
38521
38520
38519
38518
38517
37141
37140
37139
37138
37137
37136
37135
36840
36839
36838
36837
36836
36835
36834
36833
36832
34143
34142
34141
34140
34139
34138
34137
33902
33901
33900
33899
33898
33897
33896
33895
33894
32594
32593
32592
32591
32590
32589
32517
32516
32515
32514
32513
32512
32511
32510
32509
32508
32427
32426
32425
32424
32423
32422
32421
32231
32230
32229
32228
32147
32146
32145
32144
32143
32142
32141
32140
32139
32138
30842
30841
30840
30839
30838
30837
30836
30745
30744
30741
30740
29335
29334
29333
29332
29331
29246
29245
29244
29243
29241
29240
29239
29238
29237
29146
29145
29143
29142
29141
29140
29139
29138
29137
29046
29045
29044
29043
29042
29040
28742
28741
28740
28739
28738
28737
27556
27555
27554
27469
27468
27467
27466
27465
27464
27463
27462
27461
27460
27369
27368
27367
27366
27365
27364
27363
27166
27165
27164
27163
27162
27161
27160
27069
27067
27065
27062
27061
27059
27057
27055
27053
27051
22788
22787
22785
22784
22783
22712
22711
22710
22709
22708
22707
22706
22705
22704
22703
22612
22611
22610
22609
22608
22607
22606
22605
22604
22603
22517
22515
22513
22511
22509
22507
22506
22407
22406
22405
22404
22403
22312
22311
22310
22309
22308
22307
22306
22305
22304
22303
22212
22211
22209
22208
22207
22206
22205
22204
22203
19652
19651
19650
19649
19648
19647
19646
19552
19551
19550
19549
19548
19547
19546
19545
19544
19444
19442
19441
19440
19437
19143
19142
19141
19140
19139
19138
19137
19136
19135
19134
18157
18102
18101
18100
18099
18098
18097
18096
18095
18094
18093
18004
18003
18002
18000
17999
17998
17997
17996
17995
17914
17913
17912
17911
17910
17909
17908
17491
17490
17489
17488
17487
17486
17485
16238
16237
16236
16235
16234
16233
16232
16231
16160
16159
16158
16157
16156
16155
16154
16152
16151
16079
16078
16077
16076
16075
16074
15913
15912
15911
15840
15839
15838
15837
15836
15835
15834
15833
15832
15831
14800
14799
14798
14797
14723
14722
14721
14720
14719
14718
14717
14447
14446
14445
14444
13371
13370
13369
13368
13367
13366
13365
13364
13363
13312
13311
13310
13309
13308
13307
13306
13131
13130
13129
13128
13127
13126
13125
13124
13123
12383
12294
12293
12292
12291
12290
12289
12288
12287
12286
12285
12200
12198
12196
12194
12192
12190
12188
11882
11881
11880
11879
11878
11877
10601
10600
10599
10597
10596
10595
10594
10593
10512
10509
10508
10507
10506
10505
10504
10503
10422
10421
10420
10419
10418
10417
10416
10324
10323
10252
10251
10250
10249
10248
10247
10246
10245
10244
10243
10202
10201
10200
10199
10198
10197
10196
10195
10194
10193
8280
8279
8278
8277
8276
8275
8244
8243
8242
8241
8240
8239
8238
8237
8236
8235
8204
8203
8202
8201
8200
8199
8198
8156
8155
8154
8153
8152
8151
8150
8149
8148
8147
8146
8145
6979
6978
6977
6974
6906
6905
6904
6903
6902
6901
6900
6899
6898
6897
6806
6805
6804
6803
6802
6801
6800
6799
6798
6797
6706
6705
6704
6703
6702
6701
6700
6604
6603
6602
6601
6600
6599
6598
6597
6506
6505
6504
6503
6502
6501
6500
6499
6498
6497
6406
6405
6404
6403
6402
6401
6400
6399
6398
6397
2635
2634
2633
2632
2631
2548
2547
2546
2545
2544
2543
2542
2541
2540
2459
2458
2457
2456
2455
2454
2453
2452
2451
2450
2359
2358
2357
2356
2355
2354
2353
2352
2351
2270
2269
2268
2267
2266
2265
2264
2263
2262
2261
2190
2189
2188
2187
2186
2185
2184
2183
2182
2181
2110
2109
2107
2106
2104
2103
2102
2101
2021
2020
2019
2018
2017
2016
2015
2014
2013
2012
1931
1930
1929
1928
1927
1926
1925
1924
1923
1922
1841
1840
1839
1838
1837
1836
1835
1834
1833
1832
1751
1750
1749
1748
1747
1746
1745
1744
1743
1742
1661
1660
1659
1658
1657
1656
1655
1654
1653
1652
1571
1570
1569
1568
1567
1566
1565
1564
1563
1562
1481
1480
1479
1478
1477
1476
1475
1474
1473
1472
1391
1390
1389
1388
1387
1386
1385
1384
1383
1382
1311
1310
1309
1308
1307
1306
1305
1304
1303
1302
1231
1230
1229
1228
1227
1226
1225
1224
1223
1222
1161
1160
1159
1158
1157
434
433
432
431
430
429
428
427
426
425
424
423
422
421
420
419
418
417
416
415
414
413
412
411
410
409
408
407
406
405
404
403
402
401
400
