333877
333876
333875
333874
333873
333872
333871
333870
333869
333868
333867
333866
333865
333864
333863
333862
333861
333860
333859
333858
333857
333856
333855
333854
333853
333852
333851
333725
333724
333723
333722
333721
333720
333719
333718
333717
333716
333715
333714
333713
333712
333711
333710
333709
333708
333707
333706
333705
333704
333703
333702
333701
333700
333699
333698
333697
333696
333695
333694
333693
333692
333691
333690
333689
333688
333687
333686
333685
333684
333683
333682
333527
333526
333525
333524
333523
333522
333521
333520
333519
333518
333517
333516
333515
333514
333513
333512
333511
333510
333509
333508
333507
333506
333505
333504
333503
333502
333501
333500
333499
333498
333497
333496
333495
333275
333274
333273
333272
333271
333270
333269
333268
333267
333266
333265
333264
333263
333262
333261
333260
333259
333258
333257
333256
333255
333254
333253
333252
333251
333250
333249
333248
333247
333246
333245
333244
333243
333242
333241
333240
333239
333238
333103
333102
333101
333100
333099
333098
333097
333096
333095
333094
333093
333092
333091
333090
333089
333088
333087
333086
333085
333084
333083
333082
333081
333080
333079
333078
333077
333076
333075
333074
333073
333072
333071
333070
333069
333068
333067
333066
333065
333064
333063
333062
332850
332849
332848
332847
332846
332845
332844
332843
332842
332841
332840
332839
332838
332837
332836
332835
332834
332833
332832
332831
332830
332829
332828
332827
332826
332825
332824
332823
332822
332821
332820
332819
332818
332817
332816
332815
332814
332813
332812
332811
332810
332809
332808
332807
332806
332805
332804
332803
332802
332801
332632
332631
332630
332629
332628
332627
332626
332625
332624
332623
332622
332621
332620
332619
332618
332617
332616
332615
332614
332613
332612
332598
332597
332596
332594
332593
332426
332425
332424
332423
332422
332421
332420
332419
332418
332417
332416
332415
332414
332413
332412
332411
332410
332409
332408
332407
332406
332405
332404
332403
332402
332401
332400
332399
332398
332397
332396
332395
332394
332393
332392
332391
332390
332389
332388
332230
332229
332228
332227
332226
332225
332224
332223
332222
332221
332220
332219
332218
332217
332216
332215
332214
332213
332212
332211
332210
332209
332208
332207
332206
332205
332204
332203
332202
332201
332200
332199
332198
332197
332196
332195
332194
332193
332192
332191
332190
332189
332188
332187
332186
332185
332184
332183
332182
332181
332046
332045
332044
332043
332042
332041
332040
332039
332038
332037
332036
332035
332034
332033
332032
332031
332030
332029
332028
332027
332026
332025
332024
332023
332022
332021
332020
332019
332018
332017
332016
332015
332014
332013
332012
332011
332010
332009
332008
332007
332006
332005
332004
332003
332002
332001
332000
331999
331998
331997
331843
331842
331841
331840
331839
331838
331837
331836
331835
331834
331833
331832
331831
331830
331829
331828
331827
331826
331825
331824
331823
331822
331821
331820
331819
331818
331817
331816
331815
331814
331813
331812
331811
331810
331809
331808
331807
331806
331805
331804
331803
331802
331801
331800
331799
331798
331797
331796
331795
331794
331672
331671
331670
331669
331668
331667
331666
331665
331664
331663
331662
331661
331660
331659
331658
331657
331656
331655
331654
331653
331652
331651
331650
331649
331648
331647
331646
331645
331644
331643
331642
331641
331640
331639
331638
331637
331636
331635
331634
331633
331632
331631
331630
331629
331628
331627
331626
331625
331624
331623
331459
331458
331457
331456
331455
331454
331453
331452
331451
331450
331449
331448
331447
331446
331445
331444
331443
331442
331441
331440
331439
331438
331437
331436
331435
331434
331433
331432
331431
331430
331429
331428
331427
331426
331425
331424
331423
331422
331421
331420
331419
331418
331417
331416
331415
331414
331413
331412
331411
331410
331248
331247
331246
331245
331244
331243
331242
331241
331240
331239
331238
331237
331236
331235
331234
331233
331232
331231
331230
331229
331228
331227
331226
331225
331224
331223
331222
331221
331220
331219
331218
331217
331216
331215
331214
331213
331212
331211
331210
331209
331208
331207
331206
331205
331204
331203
331044
331043
331042
331041
331040
331039
331038
331037
331036
331035
331034
331033
331032
331031
331030
331029
331028
331027
331026
331025
331024
331023
331022
331021
331020
331019
331018
331017
331016
331015
331014
331013
331012
331011
331010
331009
331008
331007
331006
331005
331004
330925
330924
330923
330922
330921
330920
330919
330918
330917
330916
330915
330914
330913
330912
330911
330910
330909
330908
330907
330906
330905
330904
330903
330902
330901
330900
330899
330898
330897
330896
330895
330894
330893
330892
330891
330890
330669
330668
330667
330666
330665
330664
330663
330662
330661
330660
330659
330658
330657
330656
330655
330654
330653
330652
330651
330650
330649
330648
330647
330646
330645
330644
330643
330642
330641
330640
330639
330638
330637
330636
330635
330634
330633
330632
330631
330630
330629
330628
330627
330626
330625
330624
330478
330477
330476
330475
330474
330473
330472
330471
330470
330469
330468
330467
330466
330465
330464
330463
330462
330461
330460
330459
330458
330457
330456
330455
330454
330453
330452
330451
330450
330449
330448
330447
330446
330445
330444
330443
330442
330441
330440
330439
330438
330437
330436
330435
330434
330433
330432
330431
330430
330429
330261
330260
330259
330258
330257
330256
330255
330254
330253
330252
330251
330250
330249
330248
330247
330246
330245
330244
330243
330242
330241
330240
330239
330238
330237
330236
330235
330234
330233
330232
330231
330230
330229
330228
330227
330226
330225
330224
330223
330222
330221
330220
330219
330218
330217
330216
330215
330214
330213
330124
330123
330122
330121
330120
330119
330118
330117
330116
330115
330114
330113
330112
330111
330110
330109
330108
330107
330106
330105
330104
330103
330102
330101
330100
330099
330098
330097
330096
330095
330094
330093
330092
330091
330090
330089
330088
330087
330086
330085
330084
330083
330082
330081
330080
330079
330078
330077
330076
330075
329795
329794
329793
329792
329791
329790
329789
329788
329787
329786
329785
329784
329783
329782
329781
329780
329779
329778
329777
329776
329775
329774
329773
329772
329771
329770
329769
329768
329767
329766
329765
329764
329763
329762
329761
329760
329759
329758
329757
329567
329566
329565
329564
329563
329562
329561
329560
329559
329558
329557
329556
329555
329554
329553
329552
329551
329550
329549
329548
329547
329546
329545
329544
329543
329542
329541
329540
329539
329538
329537
329536
329535
329534
329533
329532
329531
329530
329529
329528
329527
329526
329525
329524
329523
329522
329521
329520
329333
329332
329331
329330
329329
329328
329327
329326
329325
329324
329323
329322
329321
329320
329319
329318
329317
329316
329315
329314
329313
329312
329311
329310
329309
329308
329307
329306
329305
329304
329303
329302
329301
329300
329299
329298
329297
329296
329295
329294
329293
329292
329291
329290
329289
329288
329105
329104
329103
329102
329101
329100
329099
329098
329097
329096
329095
329094
329093
329092
329091
329090
329089
329088
329087
329086
329085
329084
329083
329082
329081
329080
329079
329078
329077
329076
329075
329074
329073
329072
329071
329070
329069
329068
329067
329066
329065
329064
329063
328911
328910
328909
328908
328907
328906
328905
328904
328903
328902
328901
328900
328899
328898
328897
328896
328895
328894
328893
328892
328891
328890
328889
328888
328887
328886
328885
328884
328883
328882
328881
328880
328879
328878
328877
328876
328875
328874
328873
328872
328871
328870
328869
328868
328867
328866
328619
328618
328617
328616
328615
328614
328613
328612
328611
328610
328609
328608
328607
328606
328605
328604
328603
328602
328601
328600
328599
328598
328597
328596
328595
328594
328593
328592
328591
328590
328589
328588
328587
328586
328569
328568
328567
328566
328565
328373
328372
328371
328370
328369
328368
328367
328366
328365
328364
328363
328362
328361
328360
328359
328358
328357
328356
328355
328354
328353
328352
328351
328350
328349
328348
328347
328346
328345
328344
328343
328342
328341
328340
328339
328338
328337
328336
328335
328334
328333
328332
328331
328330
328329
328328
328327
328326
328189
328188
328187
328186
328185
328184
328183
328182
328181
328180
328179
328178
328177
328176
328175
328174
328173
328172
328171
328170
328169
328168
328167
328166
328165
328164
328163
328162
328161
328160
328159
328158
328157
328156
328155
327965
327964
327963
327962
327961
327960
327959
327958
327957
327956
327955
327954
327953
327952
327951
327950
327949
327948
327947
327946
327945
327944
327943
327942
327941
327940
327939
327938
327937
327936
327935
327934
327933
327932
327931
327930
327929
327928
327927
327926
327925
327924
327923
327922
327921
327920
327919
327918
327917
327916
327915
327914
327913
327912
327911
327910
327909
327908
327907
327684
327683
327682
327681
327680
327679
327678
327677
327676
327675
327674
327673
327672
327671
327670
327669
327668
327667
327666
327665
327664
327663
327662
327661
327660
327659
327658
327657
327656
327655
327654
327653
327652
327651
327449
327448
327447
327446
327445
327444
327443
327442
327441
327440
327439
327438
327437
327436
327435
327434
327433
327432
327431
327430
327429
327428
327427
327426
327425
327424
327423
327422
327421
327420
327419
327418
327417
327416
327415
327414
327413
327412
327411
327410
327409
327408
327407
327406
327405
327404
327403
327402
327401
327400
327399
327172
327171
327170
327169
327168
327167
327166
327165
327164
327163
327162
327161
327160
327159
327158
327157
327156
327155
327154
327153
327152
327151
327150
327149
327148
327147
327146
327145
327144
327143
327142
327141
327140
327139
327138
327137
327136
327135
327134
327133
327132
327131
327130
327129
327128
