348856
348848
348840
348834
348833
348829
348779
348778
348777
348768
348761
348760
348757
348753
348751
348741
348738
348708
348693
348692
348686
348683
348681
348679
348670
348663
348659
348652
348636
348614
348609
348596
348587
348582
348570
348560
348558
348529
348528
348522
348519
348513
348511
348510
348504
348496
348493
348491
348489
348483
348473
348467
348455
348453
348446
348443
348437
348435
348421
348408
348406
348395
348385
348384
348380
348366
348365
348356
348325
348312
348304
348300
348297
348283
348259
348254
348253
348249
348244
348227
348224
348223
348222
348219
348205
348196
348193
348190
348174
348169
348163
348157
348153
348152
348151
348150
348142
348133
348129
348124
348111
348101
348100
348096
348090
348066
348065
348058
348049
348047
348046
348045
348027
348019
348014
348012
348011
348010
348003
348001
347999
347998
347990
347983
347980
347978
347974
347973
347967
347949
347943
347938
347937
347931
347929
347927
347922
347920
347908
347907
347905
347904
347903
347902
347885
347881
347879
347873
347872
347863
347862
347861
347858
347854
347851
347849
347843
347840
347835
347834
347811
347809
347806
347801
347798
347783
347781
347776
347761
347760
347746
347740
347737
347734
347733
347724
347711
347710
347699
347698
347696
347684
347675
347672
347666
347654
347652
347651
347648
347641
347629
347628
347625
347624
347623
347612
347608
347602
347589
347582
347572
347563
347542
347525
347524
347521
347513
347496
347494
347493
347482
347471
347465
347463
347454
347450
347442
347441
347434
347431
347424
347416
347415
347413
347405
347400
347390
347389
347381
347375
347361
347357
347355
347350
347348
347347
347337
347321
347320
347315
347314
347313
347309
347305
347293
347290
347272
347253
347249
347248
347243
347228
347225
347220
347197
347167
347162
347161
347158
347154
347145
347142
347130
347118
347088
347075
347053
347036
347019
347018
347013
347008
347002
346998
346996
346988
346986
346969
346968
346965
346962
346957
346954
346953
346950
346927
346926
346919
346914
346903
346886
346885
346880
346876
346862
346856
346851
346850
346849
346845
346835
346832
346818
346801
346800
346799
346781
346776
346755
346754
346753
346752
346746
346741
346739
346734
346726
346725
346721
346715
346694
346688
346677
346656
346646
346633
346632
346575
346573
346547
346545
346533
346532
346530
346515
346507
346506
346505
346503
346486
346483
346475
346473
346472
346467
346466
346465
346460
346446
346443
346435
346427
346426
346422
346418
346407
346390
346382
346377
346363
346362
346357
346348
346340
346338
346320
346318
346316
346315
346311
346305
346303
346302
346301
346300
346298
346296
346295
346294
346293
346288
346276
346272
346258
346256
346252
346247
346246
346244
346243
346233
346232
346231
346226
346223
346222
346215
346213
346210
346206
346201
346193
346184
346183
346182
346181
346171
346167
346166
346154
346153
346152
346150
346135
346125
346112
346107
346105
346087
346084
346065
346063
346062
346051
346047
346028
346026
346018
346016
346014
346004
345987
345953
345952
345945
345944
345931
345925
345923
345918
345913
345903
345900
345899
345880
345879
345870
345846
345836
345829
345825
345819
345808
345795
345778
345777
345773
345760
345757
345756
345742
345736
345729
345724
345711
345690
345689
345686
345679
345627
345614
345605
345602
345586
345582
345571
345567
345564
345559
345558
345556
345549
345548
345536
345532
345518
345511
345501
345472
345469
345455
345452
345448
345441
345434
345427
345426
345420
345418
345410
345408
345389
345380
345379
345377
345376
345374
345364
345355
345352
345348
345326
345318
345308
345300
345288
345277
345257
345222
345220
345211
345210
345207
345194
345180
345174
345144
345140
345133
345124
345096
345094
345084
345074
345047
344987
344983
344949
344947
344916
344912
344899
344894
344891
344874
344871
344851
344845
344838
344836
344830
344826
344786
344781
344771
344770
344765
344764
344739
344719
344715
344684
344671
344669
344619
344578
344573
344549
344536
344510
344486
344480
344478
344467
344447
344428
344415
344381
344357
344356
344346
344321
344275
344210
344177
344167
344136
344108
344107
344104
344098
344080
344078
344076
344075
344073
344045
343845
343780
343764
343741
343732
343701
343700
343630
343629
343628
343564
343557
343542
343510
343501
343368
343367
343325
343315
343300
343298
343241
343143
343117
343055
343034
343026
343005
342935
342906
342764
342735
342725
342646
342639
342635
342564
342553
342534
342388
342328
342320
342254
342236
342208
342194
342134
342125
342106
342100
342065
342049
342037
341985
341961
341942
341844
341840
341748
341717
341704
341647
341607
341498
341496
341430
341412
341334
341198
341183
340897
340721
340697
340665
340655
340593
340577
340564
340471
340466
340417
340266
340233
340220
340213
340161
340138
340099
340053
339969
339943
339942
339930
339907
339897
339888
339742
339741
339670
339643
339593
339533
339512
339297
339261
339072
338974
338971
338944
338905
338877
338871
338804
338798
338708
338683
338627
338495
338483
338470
338353
338335
338332
338307
338298
338276
338209
338207
338080
338044
338031
337983
337908
337878
337815
337692
337686
337524
337509
337435
337372
337341
337189
337083
336948
336737
336721
336688
336683
336516
336459
336441
336337
336274
336267
336174
336145
336023
335974
335962
335947
335930
335913
335862
335789
335725
335713
335710
335603
335446
335371
335296
335260
335216
335191
335077
335049
334977
334943
334924
334860
334752
334740
334713
334505
334450
334322
334196
334189
334085
334001
333880
333843
333837
333763
333741
333734
333701
333699
333680
333644
333584
333547
333071
332970
332896
332877
332821
332760
332682
332636
332538
332536
332529
332524
332518
332460
332457
332310
332278
332117
332093
332021
331960
331954
331950
331817
331647
331622
331560
331446
331430
331354
331350
331144
331122
330993
330913
330884
330839
330767
330592
330570
330511
330401
330337
330287
329908
329685
329542
329349
329295
329181
329165
328985
328971
328947
328942
328875
328854
328789
328696
328599
328360
328327
328314
328297
328041
328005
327875
327837
327717
327630
327627
327610
327386
327350
327266
326930
326722
326629
326607
326345
326238
325735
325599
325499
325295
325156
324950
324917
324886
324737
324560
324437
324176
323903
323673
323393
323373
323365
323103
323086
322943
322770
322639
321903
321134
320453
319269
318923
318558
318344
318336
318033
317942
317108
315220
315191
315086
314628
313783
313484
313283
313061
311833
311082
308937
308848
308649
308550
307819
307409
307249
305095
304693
302170
302076
301877
301310
300539
300406
298016
297531
295035
294638
293743
293633
293067
293020
292958
290777
290638
290172
289679
288369
287335
286617
285052
285021
284339
283998
283639
282949
282585
282541
282127
281951
281616
281395
280245
279825
278984
278781
277378
274036
271726
267830
267199
266544
265174
261831
260869
259947
259943
259392
258248
257372
257205
256981
253194
248316
248127
238707
235621
233378
230068
229074
228662
225335
222668
222252
213015
212594
211881
211001
202719
201913
201069
201040
200849
200321
199598
199037
196830
196164
195182
194457
193724
191142
190946
190336
189466
189003
187000
186594
185538
184794
184158
184131
184083
183879
183614
183225
181533
180149
180143
180142
180038
179643
179584
179123
176500
174553
173350
173337
173328
172942
172473
172330
172125
171735
171508
171134
170783
170730
170177
169828
169789
169096
168814
168660
167902
167838
167568
167330
166630
166552
166539
165576
165281
164591
164443
164353
164130
164059
162044
154410
150144
126957
125672
100160
99433
94380
88042
85167
82230
76303
75031
74838
73279
73101
71357
62593
51026
50627
3152
349160
349153
349142
349138
349126
349124
349121
349097
349092
349086
349078
349077
349069
349066
349051
349048
349044
349033
349032
349027
349025
349020
349010
349000
348999
348990
348988
348962
348960
348949
348946
348942
348938
348934
348909
348902
348895
348890
348888
348875
348871
348855
349259
349256
349252
349250
349249
349246
349245
349237
349230
349220
349177
349164
349163
349387
349376
349373
349366
349364
349355
349353
349348
349346
349335
349319
349318
349313
349302
349296
349290
349289
349276
351743
351741
351738
351725
351719
351718
351707
351705
351696
351691
351688
351687
351682
351675
351666
351656
351651
351646
351642
351637
351635
351625
351620
351617
351612
351611
351589
351588
351584
351577
351572
351565
351563
351560
351557
351543
351529
351524
351510
351508
351507
351501
351500
351486
351483
351481
351477
351471
351468
351465
351447
351444
351432
351428
351422
351418
351416
351412
351400
351396
351395
351390
351387
351386
351381
351372
351368
351362
351355
351350
351329
351318
351317
351303
351297
351290
351289
351284
351266
351264
351261
351250
351247
351246
351239
351230
351227
351226
351218
351205
351201
351196
351193
351186
351180
351157
351146
351144
351141
351134
351131
351128
351127
351121
351113
351112
351111
351109
351099
351095
351092
351085
351083
351076
351071
351065
351064
351060
351053
351050
351041
351012
351011
351000
350991
350987
350983
350979
350978
350972
350971
350968
350965
350945
350939
350937
350936
350929
350921
350916
350913
350912
350909
350903
350891
350890
350889
350880
350879
350874
350868
350862
350857
350856
350850
350844
350842
350837
350836
350834
350828
350826
350824
350817
350816
350810
350803
350783
350780
350778
350756
350754
350752
350750
350748
350743
350730
350712
350711
350702
350700
350699
350696
350693
350691
350679
350678
350677
350671
350669
350664
350663
350658
350657
350646
350638
350636
350619
350610
350606
350605
350603
350601
350599
350597
350590
350584
350583
350575
350561
350557
350543
350538
350522
350521
350519
350510
350508
350504
350501
350498
350497
350486
350483
350481
350468
350463
350449
350448
350446
350443
350441
350440
350436
350430
350424
350422
350412
350407
350400
350398
350396
350388
350385
350381
350380
350373
350372
350360
350358
350343
350336
350325
350324
350321
350320
350319
350318
350317
350314
350313
350305
350298
350296
350293
350291
350288
350287
350286
350284
350283
350277
350265
350254
350251
350250
350249
350245
350239
350230
350229
350224
350221
350213
350212
350208
350207
350203
350197
350194
350188
350187
350182
350176
350175
350174
350167
350157
350155
350154
350129
350124
350120
350112
350107
350103
350102
350083
350079
350074
350070
350064
350056
350049
350048
350045
350040
350037
350036
350029
350028
350021
350019
350012
349986
349982
349967
349961
349957
349952
349947
349919
349912
349903
349898
349879
349878
349875
349872
349870
349860
349852
349839
349836
349834
349833
349822
349816
349805
349804
349803
349793
349787
349785
349777
349776
349775
349774
349772
349771
349764
349759
349758
349756
349744
349742
349734
349732
349707
349705
349693
349692
349687
349660
349642
349632
349620
349596
349594
349592
349588
349585
349583
349549
349510
349504
349502
349496
349476
349470
349469
349461
349459
349453
349448
349447
349441
349440
349436
349418
349413
352144
352138
352135
352134
352129
352122
352120
352117
352116
352114
352094
352092
352089
352082
352076
352074
352071
352070
352069
352066
352065
352057
352056
352052
352051
352045
352044
352043
352037
352035
352033
352029
352028
352025
352016
352012
352011
352009
352008
352005
351996
351997
351993
351988
351987
351986
351981
351975
351970
351969
351967
351966
351961
351957
351956
351952
351947
351943
351941
351933
351924
351918
351912
351911
351905
351904
351892
351883
351882
351876
351858
351855
351854
351853
351851
351849
351845
351844
351840
351833
351826
351825
351823
351822
351820
351816
351815
351811
351794
351792
351788
351779
351776
351774
351760
351759
352215
352210
352209
352208
352202
352201
352197
352185
352182
352175
352171
352169
352168
352161
352408
352407
352399
352393
352392
352381
352374
352366
352363
352362
352359
352356
352354
352348
352346
352337
352333
352331
352318
352311
352301
352300
352298
352292
352288
352285
352284
352282
352276
352261
352257
352253
352238
352234
352232
352509
352502
352499
352496
352489
352486
352481
352477
352464
352462
352457
352447
352444
352437
352428
352423
352420
352419
352521
352519
352517
352516
352544
352543
352541
352523
352635
352620
352615
352603
352602
352601
352599
352587
352570
352559
352754
352753
352734
352731
352723
352719
352714
352712
352710
352705
352703
352678
352672
352667
352664
352658
352656
352628
352619
352618
352820
352817
352809
352808
352804
352801
352799
352794
352790
352789
352781
352780
352774
352768
352763
352751
352901
352897
352894
352885
352880
352877
352873
352869
352867
352861
352859
352857
352849
352846
352845
352843
352838
352835
352826
352814
352992
352989
352985
352984
352975
352974
352971
352961
352955
352950
352946
352933
353098
353097
353095
353093
353087
353084
353081
353051
353048
353042
353041
353040
353038
353036
353033
353023
353013
353002
353001
353000
352996
353220
353211
353207
353203
353192
353191
353183
353182
353178
353162
353156
353155
353148
353145
353142
353139
353124
353123
353111
353102
353071
353070
353064
353343
353342
353340
353338
353336
353335
353333
353326
353325
353318
353310
353303
353296
353292
353289
353287
353283
353280
353270
353268
353265
353255
353236
353466
353464
353463
353462
353460
353455
353446
353441
353440
353426
353425
353411
353410
353408
353403
353402
353396
353392
353388
353380
353374
353370
353361
353351
353349
353556
353551
353543
353534
353532
353524
353520
353516
353512
353502
353500
353499
353497
353492
353490
353486
353483
353479
353468
353726
353723
353713
353702
353687
353685
353679
353667
353657
353641
353635
353632
353627
353612
353611
353602
353598
353594
353587
353584
353583
353582
353571
353569
353567
353783
353776
353772
353771
353764
353758
353754
353746
353744
353742
353738
353888
353882
353877
353871
353867
353861
353849
353848
353841
353838
353836
353835
353834
353825
353823
353821
353811
353799
353797
353793
353787
353987
353982
353977
353975
353966
353953
353950
353949
353944
353940
353938
353932
353925
353923
353919
353912
353899
353896
354085
354083
354082
354064
354063
354056
354051
354050
354032
354029
354028
354021
354016
354015
354008
354191
354190
354182
354168
354157
354155
354148
354144
354126
354119
354115
354095
354302
354301
354294
354266
354265
354264
354262
354256
354247
354242
354237
354236
354234
354231
354225
354209
354410
354407
354405
354391
354388
354381
354376
354373
354370
354354
354346
354345
354331
354329
354328
354324
354312
354308
354487
354481
354476
354475
354473
354467
354464
354461
354449
354430
354416
354580
354577
354573
354551
354526
354521
354505
354477
354787
354782
354781
354780
354767
354762
354761
354756
354751
354745
354740
354737
354735
354733
354721
354707
354698
354694
354680
354674
354665
354659
354647
354642
354634
354621
354620
354617
354613
354610
354606
354605
354591
354589
355037
355032
355029
355026
355016
355011
355009
355001
355000
354983
354976
354975
354973
354957
354952
354949
354942
354939
354938
354935
354933
354928
354922
354916
354901
354899
354892
354890
354879
354877
354871
354869
354861
354858
354857
354853
354847
354839
354821
354817
354585
355148
355145
355142
355133
355114
355111
355110
355105
355101
355099
355095
355087
355078
355070
355067
355054
355341
355339
355335
355333
355331
355330
355329
355325
355324
355319
355318
355311
355308
355307
355304
355301
355298
355291
355285
355283
355278
355270
355262
355255
355252
355251
355250
355229
355228
355226
355224
355221
355213
355203
355196
355194
355190
355171
355167
355155
355639
355638
355634
355628
355602
355593
355591
355590
355589
355588
355579
355578
355573
355572
355564
355561
355556
355551
355544
355543
355539
355536
355532
355524
355523
355514
355509
355506
355505
355501
355498
355495
355488
355484
355475
355473
355461
355447
355442
355437
355436
355431
355428
355417
355416
355414
355396
355392
355383
355380
355378
355375
355372
355367
355366
355359
355354
355349
355346
355336
355749
355744
355735
355731
355729
355726
355722
355720
355719
355717
355712
355711
355706
355701
355694
355689
355679
355675
355673
355668
355658
355656
355655
355888
355885
355870
355868
355866
355863
355860
355859
355856
355847
355844
355842
355835
355829
355826
355824
355814
355813
355805
355798
355796
355792
355787
355786
355785
355777
355767
355766
355763
355755
356271
356268
356267
356263
356259
356257
356255
356253
356252
356251
356249
356248
356235
356230
356229
356223
356211
356206
356204
356187
356179
356171
356162
356154
356153
356141
356137
356136
356129
356116
356100
356087
356084
356081
356074
356067
356064
356063
356062
356058
356052
356051
356046
356040
356039
356026
356025
356017
356013
356004
356001
356000
355999
355985
355973
355957
355956
355945
355944
355929
355924
355921
355919
355911
355910
355907
355904
355902
355898
355892
355890
356497
356496
356493
356483
356482
356481
356480
356477
356473
356462
356461
356450
356449
356445
356442
356439
356437
356430
356418
356408
356403
356402
356398
356393
356392
356391
356389
356386
356378
356370
356365
356363
356355
356354
356353
356344
356343
356341
356335
356328
356317
356302
356295
356292
356291
356290
356289
356285
356283
356284
356282
356795
356794
356789
356788
356787
356780
356779
356775
356772
356770
356768
356761
356759
356758
356750
356743
356742
356740
356734
356728
356725
356719
356716
356708
356707
356703
356702
356697
356692
356681
356677
356674
356671
356663
356659
356658
356649
356648
356646
356635
356634
356630
356629
356628
356625
356615
356612
356599
356591
356578
356576
356567
356560
356559
356549
356548
356543
356541
356540
356538
356534
356523
356522
356515
356509
356503
356971
356964
356960
356957
356946
356941
356940
356935
356930
356894
356882
356881
356871
356866
356863
356862
356860
356855
356852
356851
356849
356847
356842
356837
356835
356828
356824
356822
356811
356809
356808
356806
356803
356802
357082
357068
357067
357064
357057
357055
357048
357043
357040
357038
357035
357032
357028
357026
356995
356990
356985
356984
356981
356980
357466
357464
357460
357455
357449
357443
357442
357440
357438
357435
357431
357429
357416
357401
357400
357387
357383
357369
357368
357363
357358
357334
357322
357316
357314
357312
357308
357302
357293
357273
357262
357260
357253
357252
357238
357222
357210
357205
357197
357192
357185
357177
357175
357173
357168
357167
357165
357164
357163
357159
357157
357154
357153
357141
357137
357134
357133
357125
357124
357120
357118
357106
357089
357086
357637
357635
357633
357631
357629
357621
357617
357615
357613
357595
357584
357583
357582
357572
357563
357559
357557
357555
357545
357542
357534
357530
357525
357520
357517
357515
357510
357504
357499
357497
357496
357495
357493
357489
357483
357481
357479
357476
357475
357765
357760
357759
357751
357750
357746
357736
357735
357728
357727
357726
357714
357703
357700
357695
357672
357669
358323
358319
358318
358317
358316
358306
358304
358297
358296
358275
358272
358262
358261
358251
358247
358225
358222
358220
358217
358204
358198
358197
358193
358190
358183
358178
358176
358174
358170
358160
358153
358150
358145
358141
358137
358136
358132
358129
358124
358122
358117
358112
358102
358095
358094
358091
358080
358079
358075
358071
358061
358060
358057
358051
358047
358043
358037
358031
358026
358024
358016
358014
358012
358009
358008
358007
357999
357997
357975
357970
357966
357965
357964
357958
357939
357935
357933
357932
357931
357924
357920
357915
357913
357907
357903
357890
357888
357885
357881
357877
357864
357861
357852
357850
357846
357839
357834
357832
357831
357829
357798
357789
357784
357778
357772
358426
358425
358424
358423
358420
358396
358395
358375
358368
358350
358332
358330
358328
358327
358510
358505
358493
358491
358478
358470
358461
358448
358447
358443
358433
358568
358567
358565
358555
358550
358541
358528
358522
358518
358513
358606
358601
358594
358593
358584
358580
358707
358700
358681
358673
358664
358660
358652
358651
358649
358641
358640
358639
358621
358797
358794
358788
358780
358777
358776
358775
358774
358773
358770
358767
358766
358765
358763
358750
358744
358740
358737
358732
358729
358720
358709
358898
358896
358894
358892
358887
358880
358878
358877
358866
358864
358859
358857
358856
358849
358833
358827
358824
358817
358814
358808
358970
358969
358958
358951
358947
358945
358938
358914
358905
358903
359071
359069
359068
359065
359061
359047
359026
359022
358992
358985
358982
358980
359132
359127
359111
359107
359106
359105
359098
359096
359089
359087
359237
359232
359230
359228
359217
359207
359205
359197
359194
359192
359189
359187
359186
359183
359182
359175
359174
359173
359171
359169
359158
359147
359137
359136
359387
359386
359378
359376
359375
359365
359351
359349
359347
359344
359328
359321
359317
359313
359311
359310
359305
359302
359300
359299
359298
359297
359292
359285
359283
359280
359278
359276
359268
359265
359263
359261
359260
359248
359247
359521
359518
359515
359504
359500
359497
359496
359485
359484
359471
359462
359458
359454
359448
359442
359436
359433
359426
359415
359409
359406
359401
359398
359394
359393
359392
359390
359631
359622
359615
359610
359606
359605
359602
359595
359590
359584
359582
359579
359577
359575
359573
359566
359563
359561
359559
359556
359553
359533
359950
359945
359944
359941
359935
359932
359926
359920
359919
359916
359909
359899
359898
359889
359888
359881
359875
359868
359863
359853
359850
359834
359830
359826
359822
359816
359811
359806
359800
359797
359789
359777
359771
359757
359755
359753
359752
359749
359733
359732
359714
359710
359695
359679
359670
359668
359662
360056
360038
360036
360033
360031
360028
360027
360014
360006
359994
359991
359987
359969
359968
359955
359954
359952
360153
360151
360141
360138
360134
360126
360123
360115
360111
360109
360106
360094
360093
360089
360075
360074
360061
360060
360383
360378
360367
360364
360362
360357
360354
360349
360344
360339
360333
360331
360325
360321
360311
360305
360302
360288
360287
360279
360272
360269
360261
360258
360251
360244
360236
360231
360224
360218
360216
360215
360213
360203
360200
360199
360180
360178
360539
360538
360536
360532
360530
360528
360527
360521
360512
360501
360494
360492
360485
360483
360476
360468
360465
360458
360454
360447
360445
360428
360416
360399
360581
360573
360571
360557
360556
360549
360684
360671
360663
360657
360655
360652
360650
360644
360643
360641
360640
360636
360624
360623
360615
360612
360609
360601
360592
